0.00000000 0.00000000 5.67886925E-004
0.10000000 0.10000000 9.41733330E-002
0.20000000 0.20000000 2.09049824E-001
0.30000000 0.30000000 3.14841930E-001
0.40000000 0.40000000 3.95747945E-001
0.50000000 0.50000000 4.46970791E-001
0.60000000 0.60000000 4.71288023E-001
0.70000000 0.70000000 4.75740945E-001
0.80000000 0.80000000 4.68442828E-001
0.90000000 0.90000000 4.55506244E-001
1.00000000 1.00000000 4.38089492E-001
1.10000000 1.10000000 4.09562148E-001
1.20000000 1.20000000 3.52789709E-001
1.30000000 1.30000000 2.43730164E-001
1.40000000 1.40000000 1.13383691E-001
1.50000000 1.50000000 -2.09832479E-003
1.60000000 1.60000000 -9.35933531E-002
1.70000000 1.70000000 -1.66346838E-001
1.80000000 1.80000000 -2.30943016E-001
1.90000000 1.90000000 -2.96636415E-001
2.00000000 2.00000000 -3.67044035E-001
2.10000000 2.10000000 -4.38198213E-001
2.20000000 2.20000000 -4.98960165E-001
2.30000000 2.30000000 -5.33794217E-001
2.40000000 2.40000000 -5.27902710E-001
2.50000000 2.50000000 -4.74721597E-001
2.60000000 2.60000000 -4.04120311E-001
2.70000000 2.70000000 -3.42242659E-001
2.80000000 2.80000000 -2.83343301E-001
2.90000000 2.90000000 -2.18808021E-001
3.00000000 3.00000000 -1.41420649E-001
3.10000000 3.10000000 -4.81620782E-002
3.20000000 3.20000000 5.84586145E-002
3.30000000 3.30000000 1.70540940E-001
3.40000000 3.40000000 2.76397668E-001
3.50000000 3.50000000 3.63627396E-001
3.60000000 3.60000000 4.23655015E-001
3.70000000 3.70000000 4.57740066E-001
3.80000000 3.80000000 4.83697518E-001
3.90000000 3.90000000 5.06652134E-001
4.00000000 4.00000000 5.07267907E-001
4.10000000 4.10000000 4.80041926E-001
4.20000000 4.20000000 4.29336108E-001
4.30000000 4.30000000 3.63747128E-001
4.40000000 4.40000000 2.91810301E-001
4.50000000 4.50000000 2.19037406E-001
4.60000000 4.60000000 1.46288455E-001
4.70000000 4.70000000 6.94773962E-002
4.80000000 4.80000000 -1.93882286E-002
4.90000000 4.90000000 -1.29833692E-001
5.00000000 5.00000000 -2.69209542E-001
5.10000000 5.10000000 -4.01104325E-001
5.20000000 5.20000000 -4.80184541E-001
5.30000000 5.30000000 -5.11387370E-001
5.40000000 5.40000000 -5.10594105E-001
5.50000000 5.50000000 -4.95033163E-001
5.60000000 5.60000000 -4.76734992E-001
5.70000000 5.70000000 -4.59038889E-001
5.80000000 5.80000000 -4.36151724E-001
5.90000000 5.90000000 -3.95758568E-001
6.00000000 6.00000000 -3.24685230E-001
6.10000000 6.10000000 -2.17612696E-001
6.20000000 6.20000000 -8.88434819E-002
6.30000000 6.30000000 1.60344706E-002
6.40000000 6.40000000 8.98775389E-002
6.50000000 6.50000000 1.70696613E-001
6.60000000 6.60000000 2.65019016E-001
6.70000000 6.70000000 3.60272046E-001
6.80000000 6.80000000 4.38231457E-001
6.90000000 6.90000000 4.84487390E-001
7.00000000 7.00000000 4.93927750E-001
7.10000000 7.10000000 4.72239029E-001
7.20000000 7.20000000 4.33424576E-001
7.30000000 7.30000000 3.93340317E-001
7.40000000 7.40000000 3.59247915E-001
7.50000000 7.50000000 3.15385388E-001
7.60000000 7.60000000 2.22135134E-001
7.70000000 7.70000000 9.25595141E-002
7.80000000 7.80000000 -4.05006503E-002
7.90000000 7.90000000 -1.51549024E-001
8.00000000 8.00000000 -2.25795530E-001
8.10000000 8.10000000 -2.60536493E-001
8.20000000 8.20000000 -2.64553169E-001
8.30000000 8.30000000 -2.55528635E-001
8.40000000 8.40000000 -2.55483070E-001
8.50000000 8.50000000 -2.84227402E-001
8.60000000 8.60000000 -3.50835330E-001
8.70000000 8.70000000 -4.43133726E-001
8.80000000 8.80000000 -5.07702948E-001
8.90000000 8.90000000 -4.81906890E-001
9.00000000 9.00000000 -4.10566739E-001
9.10000000 9.10000000 -3.22194309E-001
9.20000000 9.20000000 -2.27029189E-001
9.30000000 9.30000000 -1.27499310E-001
9.40000000 9.40000000 -2.52605441E-002
9.50000000 9.50000000 7.51846250E-002
9.60000000 9.60000000 1.66289393E-001
9.70000000 9.70000000 2.40685870E-001
9.80000000 9.80000000 2.97829260E-001
9.90000000 9.90000000 3.54062995E-001
10.00000000 10.00000000 4.56104814E-001