0.00000000 0.00000000 -5.37587248E-004
0.10000000 0.10000000 7.78364652E-002
0.20000000 0.20000000 1.71371824E-001
0.30000000 0.30000000 2.70474519E-001
0.40000000 0.40000000 3.61164403E-001
0.50000000 0.50000000 4.31253529E-001
0.60000000 0.60000000 4.74155695E-001
0.70000000 0.70000000 4.90327163E-001
0.80000000 0.80000000 4.86338551E-001
0.90000000 0.90000000 4.71577897E-001
1.00000000 1.00000000 4.52584899E-001
1.10000000 1.10000000 4.25016321E-001
1.20000000 1.20000000 3.63242578E-001
1.30000000 1.30000000 2.21027563E-001
1.40000000 1.40000000 5.42990255E-002
1.50000000 1.50000000 -7.67830228E-002
1.60000000 1.60000000 -1.61365881E-001
1.70000000 1.70000000 -2.12965282E-001
1.80000000 1.80000000 -2.53071607E-001
1.90000000 1.90000000 -2.99480230E-001
2.00000000 2.00000000 -3.59345988E-001
2.10000000 2.10000000 -4.26961788E-001
2.20000000 2.20000000 -4.86261342E-001
2.30000000 2.30000000 -5.18046028E-001
2.40000000 2.40000000 -5.11935891E-001
2.50000000 2.50000000 -4.83044766E-001
2.60000000 2.60000000 -4.66712564E-001
2.70000000 2.70000000 -4.46556678E-001
2.80000000 2.80000000 -3.99997991E-001
2.90000000 2.90000000 -3.16341410E-001
3.00000000 3.00000000 -1.96543157E-001
3.10000000 3.10000000 -5.16794708E-002
3.20000000 3.20000000 9.98832881E-002
3.30000000 3.30000000 2.36617121E-001
3.40000000 3.40000000 3.39259465E-001
3.50000000 3.50000000 3.97538868E-001
3.60000000 3.60000000 4.18199242E-001
3.70000000 3.70000000 4.34322721E-001
3.80000000 3.80000000 5.05580994E-001
3.90000000 3.90000000 5.94403267E-001
4.00000000 4.00000000 6.31008886E-001
4.10000000 4.10000000 5.98444008E-001
4.20000000 4.20000000 5.10954949E-001
4.30000000 4.30000000 3.96106740E-001
4.40000000 4.40000000 2.81298640E-001
4.50000000 4.50000000 1.84676631E-001
4.60000000 4.60000000 1.10442873E-001
4.70000000 4.70000000 4.85621311E-002
4.80000000 4.80000000 -2.11348258E-002
4.90000000 4.90000000 -1.20450863E-001
5.00000000 5.00000000 -2.59925145E-001
5.10000000 5.10000000 -3.93323194E-001
5.20000000 5.20000000 -4.77982622E-001
5.30000000 5.30000000 -5.18725757E-001
5.40000000 5.40000000 -5.26076361E-001
5.50000000 5.50000000 -5.12040113E-001
5.60000000 5.60000000 -4.86888916E-001
5.70000000 5.70000000 -4.56949017E-001
5.80000000 5.80000000 -4.23392954E-001
5.90000000 5.90000000 -3.82035321E-001
6.00000000 6.00000000 -3.24132349E-001
6.10000000 6.10000000 -2.38185316E-001
6.20000000 6.20000000 -1.12747771E-001
6.30000000 6.30000000 5.04807573E-002
6.40000000 6.40000000 1.92389395E-001
6.50000000 6.50000000 2.98280748E-001
6.60000000 6.60000000 3.71667234E-001
6.70000000 6.70000000 4.20162213E-001
6.80000000 6.80000000 4.51300340E-001
6.90000000 6.90000000 4.69923272E-001
7.00000000 7.00000000 4.77130706E-001
7.10000000 7.10000000 4.70796777E-001
7.20000000 7.20000000 4.47651786E-001
7.30000000 7.30000000 4.06929284E-001
7.40000000 7.40000000 3.55578492E-001
7.50000000 7.50000000 3.15042072E-001
7.60000000 7.60000000 2.82452931E-001
7.70000000 7.70000000 2.07341442E-001
7.80000000 7.80000000 9.02002291E-002
7.90000000 7.90000000 -4.28916795E-002
8.00000000 8.00000000 -1.60837077E-001
8.10000000 8.10000000 -2.41681567E-001
8.20000000 8.20000000 -2.80367322E-001
8.30000000 8.30000000 -2.90079602E-001
8.40000000 8.40000000 -2.97186045E-001
8.50000000 8.50000000 -3.29768720E-001
8.60000000 8.60000000 -3.99748944E-001
8.70000000 8.70000000 -4.78604873E-001
8.80000000 8.80000000 -4.73358587E-001
8.90000000 8.90000000 -3.76755668E-001
9.00000000 9.00000000 -2.81688515E-001
9.10000000 9.10000000 -2.15359243E-001
9.20000000 9.20000000 -1.65145486E-001
9.30000000 9.30000000 -1.06499635E-001
9.40000000 9.40000000 -2.19307667E-002
9.50000000 9.50000000 8.89307423E-002
9.60000000 9.60000000 2.08185922E-001
9.70000000 9.70000000 3.07437224E-001
9.80000000 9.80000000 3.64475861E-001
9.90000000 9.90000000 3.88886450E-001
10.00000000 10.00000000 4.56568981E-001