0.00000000 0.00000000 1.11086429E+000
0.10000000 0.10000000 9.13266227E-001
0.20000000 0.20000000 7.41902469E-001
0.30000000 0.30000000 5.94265523E-001
0.40000000 0.40000000 4.68012902E-001
0.50000000 0.50000000 3.60960381E-001
0.60000000 0.60000000 2.71075381E-001
0.70000000 0.70000000 1.96470491E-001
0.80000000 0.80000000 1.35397112E-001
0.90000000 0.90000000 8.62392383E-002
1.00000000 1.00000000 4.75073616E-002
1.10000000 1.10000000 1.78325094E-002
1.20000000 1.20000000 -4.03958872E-003
1.30000000 1.30000000 -1.92542043E-002
1.40000000 1.40000000 -2.88531838E-002
1.50000000 1.50000000 -3.37803927E-002
1.60000000 1.60000000 -3.48870299E-002
1.70000000 1.70000000 -3.29368116E-002
1.80000000 1.80000000 -2.86110265E-002
1.90000000 1.90000000 -2.25134606E-002
2.00000000 2.00000000 -1.51751920E-002
2.10000000 2.10000000 -7.05925710E-003
2.20000000 2.20000000 1.43481461E-003
2.30000000 2.30000000 9.96659416E-003
2.40000000 2.40000000 1.82504772E-002
2.50000000 2.50000000 2.60515374E-002
2.60000000 2.60000000 3.31815104E-002
2.70000000 2.70000000 3.94949063E-002
2.80000000 2.80000000 4.48852530E-002
2.90000000 2.90000000 4.92814690E-002
3.00000000 3.00000000 5.26443655E-002
3.10000000 3.10000000 5.49632788E-002
3.20000000 3.20000000 5.62528325E-002
3.30000000 3.30000000 5.65498288E-002
3.40000000 3.40000000 5.59102704E-002
3.50000000 3.50000000 5.44065117E-002
3.60000000 3.60000000 5.21245397E-002
3.70000000 3.70000000 4.91613848E-002
3.80000000 3.80000000 4.56226615E-002
3.90000000 3.90000000 4.16202388E-002
4.00000000 4.00000000 3.72700400E-002
4.10000000 4.10000000 3.26899726E-002
4.20000000 4.20000000 2.79979883E-002
4.30000000 4.30000000 2.33102718E-002
4.40000000 4.40000000 1.87395606E-002
4.50000000 4.50000000 1.43935931E-002
4.60000000 4.60000000 1.03736880E-002
4.70000000 4.70000000 6.77345229E-003
4.80000000 4.80000000 3.67761968E-003
4.90000000 4.90000000 1.16101834E-003
5.00000000 5.00000000 -7.12331242E-004
5.10000000 5.10000000 -1.88998882E-003
5.20000000 5.20000000 -2.33173717E-003
5.30000000 5.30000000 -2.01009504E-003
5.40000000 5.40000000 -9.10700448E-004
5.50000000 5.50000000 9.67435893E-004
5.60000000 5.60000000 3.61180685E-003
5.70000000 5.70000000 6.99641490E-003
5.80000000 5.80000000 1.10819080E-002
5.90000000 5.90000000 1.58158451E-002
6.00000000 6.00000000 2.11330916E-002
6.10000000 6.10000000 2.69563441E-002
6.20000000 6.20000000 3.31967860E-002
6.30000000 6.30000000 3.97548711E-002
6.40000000 6.40000000 4.65212391E-002
6.50000000 6.50000000 5.33777588E-002
6.60000000 6.60000000 6.01987026E-002
6.70000000 6.70000000 6.68520499E-002
6.80000000 6.80000000 7.32009208E-002
6.90000000 6.90000000 7.91051390E-002
7.00000000 7.00000000 8.44229250E-002
7.10000000 7.10000000 8.90127186E-002
7.20000000 7.20000000 9.27351318E-002
7.30000000 7.30000000 9.54550304E-002
7.40000000 7.40000000 9.70437468E-002
7.50000000 7.50000000 9.73814211E-002
7.60000000 7.60000000 9.63594730E-002
7.70000000 7.70000000 9.38832031E-002
7.80000000 7.80000000 8.98745238E-002
7.90000000 7.90000000 8.42748204E-002
8.00000000 8.00000000 7.70479412E-002
8.10000000 8.10000000 6.81833184E-002
8.20000000 8.20000000 5.76992180E-002
8.30000000 8.30000000 4.56461197E-002
8.40000000 8.40000000 3.21102262E-002
8.50000000 8.50000000 1.72171033E-002
8.60000000 8.60000000 1.13544843E-003
8.70000000 8.70000000 -1.59190100E-002
8.80000000 8.80000000 -3.36794841E-002
8.90000000 8.90000000 -5.18239680E-002
9.00000000 9.00000000 -6.99709499E-002
9.10000000 9.10000000 -8.76749935E-002
9.20000000 9.20000000 -1.04422191E-001
9.30000000 9.30000000 -1.19625484E-001
9.40000000 9.40000000 -1.32619859E-001
9.50000000 9.50000000 -1.42657409E-001
9.60000000 9.60000000 -1.48902264E-001
9.70000000 9.70000000 -1.50425399E-001
9.80000000 9.80000000 -1.46199306E-001
9.90000000 9.90000000 -1.35092535E-001
10.00000000 10.00000000 -1.15864114E-001