0.00000000 0.00000000 -3.09979577E-002
0.10000000 0.10000000 2.77121605E-002
0.20000000 0.20000000 9.04053414E-002
0.30000000 0.30000000 1.54059989E-001
0.40000000 0.40000000 2.15093822E-001
0.50000000 0.50000000 2.69710121E-001
0.60000000 0.60000000 3.14201262E-001
0.70000000 0.70000000 3.45209526E-001
0.80000000 0.80000000 3.59945200E-001
0.90000000 0.90000000 3.56361959E-001
1.00000000 1.00000000 3.33289529E-001
1.10000000 1.10000000 2.90523637E-001
1.20000000 1.20000000 2.28873242E-001
1.30000000 1.30000000 1.50165053E-001
1.40000000 1.40000000 5.72053258E-002
1.50000000 1.50000000 -4.63010541E-002
1.60000000 1.60000000 -1.55874203E-001
1.70000000 1.70000000 -2.66425592E-001
1.80000000 1.80000000 -3.72467110E-001
1.90000000 1.90000000 -4.68362849E-001
2.00000000 2.00000000 -5.48623606E-001
2.10000000 2.10000000 -6.08244092E-001
2.20000000 2.20000000 -6.43082871E-001
2.30000000 2.30000000 -6.50285004E-001
2.40000000 2.40000000 -6.28747420E-001
2.50000000 2.50000000 -5.79626989E-001
2.60000000 2.60000000 -5.12184603E-001
2.70000000 2.70000000 -4.34890107E-001
2.80000000 2.80000000 -3.50134880E-001
2.90000000 2.90000000 -2.60690997E-001
3.00000000 3.00000000 -1.69536318E-001
3.10000000 3.10000000 -7.96984124E-002
3.20000000 3.20000000 5.88263671E-003
3.30000000 3.30000000 8.44725878E-002
3.40000000 3.40000000 1.53642531E-001
3.50000000 3.50000000 2.11349521E-001
3.60000000 3.60000000 2.55998360E-001
3.70000000 3.70000000 2.86484509E-001
3.80000000 3.80000000 3.02218159E-001
3.90000000 3.90000000 3.03129434E-001
4.00000000 4.00000000 2.89654737E-001
4.10000000 4.10000000 2.62704245E-001
4.20000000 4.20000000 2.23610542E-001
4.30000000 4.30000000 1.74058395E-001
4.40000000 4.40000000 1.15995675E-001
4.50000000 4.50000000 5.15254174E-002
4.60000000 4.60000000 -1.72209688E-002
4.70000000 4.70000000 -8.82293566E-002
4.80000000 4.80000000 -1.59767409E-001
4.90000000 4.90000000 -2.30567943E-001
5.00000000 5.00000000 -3.00031158E-001
5.10000000 5.10000000 -3.65745654E-001
5.20000000 5.20000000 -4.22435434E-001
5.30000000 5.30000000 -4.66692692E-001
5.40000000 5.40000000 -4.96164002E-001
5.50000000 5.50000000 -5.09442346E-001
5.60000000 5.60000000 -5.05963166E-001
5.70000000 5.70000000 -4.85904458E-001
5.80000000 5.80000000 -4.50090892E-001
5.90000000 5.90000000 -3.99901975E-001
6.00000000 6.00000000 -3.37184235E-001
6.10000000 6.10000000 -2.64167457E-001
6.20000000 6.20000000 -1.83384930E-001
6.30000000 6.30000000 -9.75977526E-002
6.40000000 6.40000000 -9.72314947E-003
6.50000000 6.50000000 7.72331618E-002
6.60000000 6.60000000 1.60240578E-001
6.70000000 6.70000000 2.36303182E-001
6.80000000 6.80000000 3.02515279E-001
6.90000000 6.90000000 3.56112905E-001
7.00000000 7.00000000 3.94521290E-001
7.10000000 7.10000000 4.15398301E-001
7.20000000 7.20000000 4.16673839E-001
7.30000000 7.30000000 3.96585213E-001
7.40000000 7.40000000 3.53708469E-001
7.50000000 7.50000000 2.86985698E-001
7.60000000 7.60000000 2.00919097E-001
7.70000000 7.70000000 1.04620122E-001
7.80000000 7.80000000 3.71649122E-003
7.90000000 7.90000000 -9.68547618E-002
8.00000000 8.00000000 -1.92844267E-001
8.10000000 8.10000000 -2.80681952E-001
8.20000000 8.20000000 -3.57463321E-001
8.30000000 8.30000000 -4.20930395E-001
8.40000000 8.40000000 -4.69447292E-001
8.50000000 8.50000000 -5.01970470E-001
8.60000000 8.60000000 -5.18013617E-001
8.70000000 8.70000000 -5.17607185E-001
8.80000000 8.80000000 -5.01252592E-001
8.90000000 8.90000000 -4.69871058E-001
9.00000000 9.00000000 -4.24747109E-001
9.10000000 9.10000000 -3.67466714E-001
9.20000000 9.20000000 -2.99850096E-001
9.30000000 9.30000000 -2.23879173E-001
9.40000000 9.40000000 -1.41619663E-001
9.50000000 9.50000000 -5.51378406E-002
9.60000000 9.60000000 3.35880624E-002
9.70000000 9.70000000 1.22761797E-001
9.80000000 9.80000000 2.10868389E-001
9.90000000 9.90000000 2.96778781E-001
10.00000000 10.00000000 3.79859818E-001