0.00000000 0.00000000 -2.54842892E-002
0.10000000 0.10000000 4.78388327E-002
0.20000000 0.20000000 1.11395013E-001
0.30000000 0.30000000 1.63142033E-001
0.40000000 0.40000000 2.02193121E-001
0.50000000 0.50000000 2.28592392E-001
0.60000000 0.60000000 2.43107887E-001
0.70000000 0.70000000 2.47042190E-001
0.80000000 0.80000000 2.42060644E-001
0.90000000 0.90000000 2.30037146E-001
1.00000000 1.00000000 2.12917540E-001
1.10000000 1.10000000 1.92600587E-001
1.20000000 1.20000000 1.70836534E-001
1.30000000 1.30000000 1.49143269E-001
1.40000000 1.40000000 1.28740056E-001
1.50000000 1.50000000 1.10498871E-001
1.60000000 1.60000000 9.49133206E-002
1.70000000 1.70000000 8.20851458E-002
1.80000000 1.80000000 7.17283200E-002
1.90000000 1.90000000 6.31907329E-002
2.00000000 2.00000000 5.54934629E-002
2.10000000 2.10000000 4.73876382E-002
2.20000000 2.20000000 3.74288865E-002
2.30000000 2.30000000 2.40693731E-002
2.40000000 2.40000000 5.76742744E-003
2.50000000 2.50000000 -1.88852421E-002
2.60000000 2.60000000 -4.44307264E-002
2.70000000 2.70000000 -6.42117867E-002
2.80000000 2.80000000 -7.80243815E-002
2.90000000 2.90000000 -8.60739364E-002
3.00000000 3.00000000 -8.88753690E-002
3.10000000 3.10000000 -8.71625802E-002
3.20000000 3.20000000 -8.18074110E-002
3.30000000 3.30000000 -7.37480661E-002
3.40000000 3.40000000 -6.39270037E-002
3.50000000 3.50000000 -5.32382905E-002
3.60000000 3.60000000 -4.24844241E-002
3.70000000 3.70000000 -3.23426212E-002
3.80000000 3.80000000 -2.33405712E-002
3.90000000 3.90000000 -1.58416569E-002
4.00000000 4.00000000 -1.00396414E-002
4.10000000 4.10000000 -5.96282003E-003
4.20000000 4.20000000 -3.48763995E-003
4.30000000 4.30000000 -2.36178482E-003
4.40000000 4.40000000 -2.23672612E-003
4.50000000 4.50000000 -2.70974054E-003
4.60000000 4.60000000 -3.37539355E-003
4.70000000 4.70000000 -3.88648907E-003
4.80000000 4.80000000 -4.02448543E-003
4.90000000 4.90000000 -3.77937738E-003
5.00000000 5.00000000 -3.43904437E-003
5.10000000 5.10000000 -3.33803721E-003
5.20000000 5.20000000 -3.41265332E-003
5.30000000 5.30000000 -3.62622496E-003
5.40000000 5.40000000 -3.93370724E-003
5.50000000 5.50000000 -4.28569699E-003
5.60000000 5.60000000 -4.63199495E-003
5.70000000 5.70000000 -4.92471125E-003
5.80000000 5.80000000 -5.12091413E-003
5.90000000 5.90000000 -5.18482203E-003
6.00000000 6.00000000 -5.08953887E-003
6.10000000 6.10000000 -4.81833274E-003
6.20000000 6.20000000 -4.36545777E-003
6.30000000 6.30000000 -3.73651936E-003
6.40000000 6.40000000 -2.94838267E-003
6.50000000 6.50000000 -2.02862438E-003
6.60000000 6.60000000 -1.01452780E-003
6.70000000 6.70000000 4.83787667E-005
6.80000000 6.80000000 1.10824040E-003
6.90000000 6.90000000 2.10925061E-003
7.00000000 7.00000000 2.99448306E-003
7.10000000 7.10000000 3.70918010E-003
7.20000000 7.20000000 4.20449794E-003
7.30000000 7.30000000 4.44170850E-003
7.40000000 7.40000000 4.39685810E-003
7.50000000 7.50000000 4.06588269E-003
7.60000000 7.60000000 3.57056755E-003
7.70000000 7.70000000 3.04580639E-003
7.80000000 7.80000000 2.51172961E-003
7.90000000 7.90000000 1.97381801E-003
8.00000000 8.00000000 1.42705208E-003
8.10000000 8.10000000 8.59648721E-004
8.20000000 8.20000000 2.56385589E-004
8.30000000 8.30000000 -3.98487150E-004
8.40000000 8.40000000 -1.11874752E-003
8.50000000 8.50000000 -1.91411495E-003
8.60000000 8.60000000 -2.78857596E-003
8.70000000 8.70000000 -3.73912239E-003
8.80000000 8.80000000 -4.75490205E-003
8.90000000 8.90000000 -5.81678198E-003
9.00000000 9.00000000 -6.89732407E-003
9.10000000 9.10000000 -7.96117330E-003
9.20000000 9.20000000 -8.96585837E-003
9.30000000 9.30000000 -9.86300495E-003
9.40000000 9.40000000 -1.05999613E-002
9.50000000 9.50000000 -1.11218364E-002
9.60000000 9.60000000 -1.13739509E-002
9.70000000 9.70000000 -1.13046997E-002
9.80000000 9.80000000 -1.08688282E-002
9.90000000 9.90000000 -1.00311204E-002
10.00000000 10.00000000 -8.77049902E-003