0.00000000 0.00000000 0.00000000E+000
0.10000000 0.10000000 1.07383561E-001
0.20000000 0.20000000 2.05387198E-001
0.30000000 0.30000000 2.91923546E-001
0.40000000 0.40000000 3.65166746E-001
0.50000000 0.50000000 4.23552448E-001
0.60000000 0.60000000 4.65777806E-001
0.70000000 0.70000000 4.90801481E-001
0.80000000 0.80000000 4.97843644E-001
0.90000000 0.90000000 4.86385967E-001
1.00000000 1.00000000 4.56171635E-001
1.10000000 1.10000000 4.07205335E-001
1.20000000 1.20000000 3.39753262E-001
1.30000000 1.30000000 2.52299977E-001
1.40000000 1.40000000 1.55106065E-001
1.50000000 1.50000000 5.60518328E-002
1.60000000 1.60000000 -4.19639360E-002
1.70000000 1.70000000 -1.36202239E-001
1.80000000 1.80000000 -2.24083854E-001
1.90000000 1.90000000 -3.03189339E-001
2.00000000 2.00000000 -3.71259032E-001
2.10000000 2.10000000 -4.26193053E-001
2.20000000 2.20000000 -4.66051301E-001
2.30000000 2.30000000 -4.89053455E-001
2.40000000 2.40000000 -4.93578977E-001
2.50000000 2.50000000 -4.78167105E-001
2.60000000 2.60000000 -4.32900636E-001
2.70000000 2.70000000 -3.72962994E-001
2.80000000 2.80000000 -3.01012663E-001
2.90000000 2.90000000 -2.19717376E-001
3.00000000 3.00000000 -1.31754115E-001
3.10000000 3.10000000 -3.98091106E-002
3.20000000 3.20000000 5.34221582E-002
3.30000000 3.30000000 1.45234963E-001
3.40000000 3.40000000 2.32915325E-001
3.50000000 3.50000000 3.13740020E-001
3.60000000 3.60000000 3.84976571E-001
3.70000000 3.70000000 4.43883254E-001
3.80000000 3.80000000 4.81700067E-001
3.90000000 3.90000000 4.93991246E-001
4.00000000 4.00000000 4.86762160E-001
4.10000000 4.10000000 4.61383721E-001
4.20000000 4.20000000 4.19400951E-001
4.30000000 4.30000000 3.62532984E-001
4.40000000 4.40000000 2.92673064E-001
4.50000000 4.50000000 2.11888544E-001
4.60000000 4.60000000 1.22420892E-001
4.70000000 4.70000000 2.66856831E-002
4.80000000 4.80000000 -7.27273955E-002
4.90000000 4.90000000 -1.73054545E-001
5.00000000 5.00000000 -2.71357858E-001
5.10000000 5.10000000 -3.52725394E-001
5.20000000 5.20000000 -4.16487616E-001
5.30000000 5.30000000 -4.62044002E-001
5.40000000 5.40000000 -4.89063738E-001
5.50000000 5.50000000 -4.97485709E-001
5.60000000 5.60000000 -4.87518508E-001
5.70000000 5.70000000 -4.59640428E-001
5.80000000 5.80000000 -4.14599467E-001
5.90000000 5.90000000 -3.53413328E-001
6.00000000 6.00000000 -2.77369414E-001
6.10000000 6.10000000 -1.88024837E-001
6.20000000 6.20000000 -8.72064062E-002
6.30000000 6.30000000 2.16439805E-002
6.40000000 6.40000000 1.25756258E-001
6.50000000 6.50000000 2.20643743E-001
6.60000000 6.60000000 3.04188827E-001
6.70000000 6.70000000 3.74532033E-001
6.80000000 6.80000000 4.30072005E-001
6.90000000 6.90000000 4.69465516E-001
7.00000000 7.00000000 4.91627467E-001
7.10000000 7.10000000 4.95730882E-001
7.20000000 7.20000000 4.81206913E-001
7.30000000 7.30000000 4.47744839E-001
7.40000000 7.40000000 3.95292065E-001
7.50000000 7.50000000 3.24054122E-001
7.60000000 7.60000000 2.32573788E-001
7.70000000 7.70000000 1.36414696E-001
7.80000000 7.80000000 3.85759215E-002
7.90000000 7.90000000 -5.80869035E-002
8.00000000 8.00000000 -1.50861591E-001
8.10000000 8.10000000 -2.37179398E-001
8.20000000 8.20000000 -3.14615025E-001
8.30000000 8.30000000 -3.80886616E-001
8.40000000 8.40000000 -4.33855760E-001
8.50000000 8.50000000 -4.71527490E-001
8.60000000 8.60000000 -4.92050282E-001
8.70000000 8.70000000 -4.93716058E-001
8.80000000 8.80000000 -4.69722810E-001
8.90000000 8.90000000 -4.22888426E-001
9.00000000 9.00000000 -3.61752206E-001
9.10000000 9.10000000 -2.88880915E-001
9.20000000 9.20000000 -2.06871722E-001
9.30000000 9.30000000 -1.18352202E-001
9.40000000 9.40000000 -2.59803301E-002
9.50000000 9.50000000 6.75555111E-002
9.60000000 9.60000000 1.59536536E-001
9.70000000 9.70000000 2.47213556E-001
9.80000000 9.80000000 3.27806977E-001
9.90000000 9.90000000 3.98506801E-001
10.00000000 10.00000000 4.56472625E-001