0.00000000 0.00000000 -5.21819121E-002
0.10000000 0.10000000 -1.32013719E-002
0.20000000 0.20000000 2.87116083E-002
0.30000000 0.30000000 7.11721432E-002
0.40000000 0.40000000 1.11715678E-001
0.50000000 0.50000000 1.47946139E-001
0.60000000 0.60000000 1.77664225E-001
0.70000000 0.70000000 1.98975825E-001
0.80000000 0.80000000 2.10380575E-001
0.90000000 0.90000000 2.10840554E-001
1.00000000 1.00000000 1.99829104E-001
1.10000000 1.10000000 1.77359793E-001
1.20000000 1.20000000 1.43995509E-001
1.30000000 1.30000000 1.00837693E-001
1.40000000 1.40000000 4.94956987E-002
1.50000000 1.50000000 -7.96370604E-003
1.60000000 1.60000000 -6.90867056E-002
1.70000000 1.70000000 -1.31122669E-001
1.80000000 1.80000000 -1.91134247E-001
1.90000000 1.90000000 -2.46127335E-001
2.00000000 2.00000000 -2.93200899E-001
2.10000000 2.10000000 -3.29716671E-001
2.20000000 2.20000000 -3.53488709E-001
2.30000000 2.30000000 -3.62992815E-001
2.40000000 2.40000000 -3.57595833E-001
2.50000000 2.50000000 -3.37804794E-001
2.60000000 2.60000000 -3.05993741E-001
2.70000000 2.70000000 -2.65168015E-001
2.80000000 2.80000000 -2.17910090E-001
2.90000000 2.90000000 -1.66853988E-001
3.00000000 3.00000000 -1.14572318E-001
3.10000000 3.10000000 -6.34782413E-002
3.20000000 3.20000000 -1.57423717E-002
3.30000000 3.30000000 2.67753909E-002
3.40000000 3.40000000 6.25790922E-002
3.50000000 3.50000000 9.05750215E-002
3.60000000 3.60000000 1.10095077E-001
3.70000000 3.70000000 1.20905195E-001
3.80000000 3.80000000 1.23198851E-001
3.90000000 3.90000000 1.17575617E-001
4.00000000 4.00000000 1.05004796E-001
4.10000000 4.10000000 8.67741168E-002
4.20000000 4.20000000 6.44234932E-002
4.30000000 4.30000000 3.96638562E-002
4.40000000 4.40000000 1.42810460E-002
4.50000000 4.50000000 -9.97522612E-003
4.60000000 4.60000000 -3.15173513E-002
4.70000000 4.70000000 -4.90607298E-002
4.80000000 4.80000000 -6.17796110E-002
4.90000000 4.90000000 -6.94778685E-002
5.00000000 5.00000000 -7.27747072E-002
5.10000000 5.10000000 -7.55967090E-002
5.20000000 5.20000000 -8.02246193E-002
5.30000000 5.30000000 -8.55677054E-002
5.40000000 5.40000000 -9.06009298E-002
5.50000000 5.50000000 -9.43959476E-002
5.60000000 5.60000000 -9.61476088E-002
5.70000000 5.70000000 -9.51959667E-002
5.80000000 5.80000000 -9.10437913E-002
5.90000000 5.90000000 -8.33695886E-002
6.00000000 6.00000000 -7.20361254E-002
6.10000000 6.10000000 -5.70944589E-002
6.20000000 6.20000000 -3.87834733E-002
6.30000000 6.30000000 -1.75249200E-002
6.40000000 6.40000000 6.08603490E-003
6.50000000 6.50000000 3.12947588E-002
6.60000000 6.60000000 5.72055947E-002
6.70000000 6.70000000 8.28047981E-002
6.80000000 6.80000000 1.06987968E-001
6.90000000 6.90000000 1.28591973E-001
7.00000000 7.00000000 1.46431372E-001
7.10000000 7.10000000 1.59339326E-001
7.20000000 7.20000000 1.66213013E-001
7.30000000 7.30000000 1.66063525E-001
7.40000000 7.40000000 1.58070270E-001
7.50000000 7.50000000 1.41639866E-001
7.60000000 7.60000000 1.18948609E-001
7.70000000 7.70000000 9.37035580E-002
7.80000000 7.80000000 6.74506958E-002
7.90000000 7.90000000 4.13139670E-002
8.00000000 8.00000000 1.60704881E-002
8.10000000 8.10000000 -7.78047797E-003
8.20000000 8.20000000 -2.99547813E-002
8.30000000 8.30000000 -5.03268785E-002
8.40000000 8.40000000 -6.88795610E-002
8.50000000 8.50000000 -8.56599171E-002
8.60000000 8.60000000 -1.00741528E-001
8.70000000 8.70000000 -1.14192901E-001
8.80000000 8.80000000 -1.26052130E-001
8.90000000 8.90000000 -1.36307799E-001
9.00000000 9.00000000 -1.44886113E-001
9.10000000 9.10000000 -1.51644270E-001
9.20000000 9.20000000 -1.56370057E-001
9.30000000 9.30000000 -1.58787690E-001
9.40000000 9.40000000 -1.58569885E-001
9.50000000 9.50000000 -1.55356163E-001
9.60000000 9.60000000 -1.48777386E-001
9.70000000 9.70000000 -1.38486535E-001
9.80000000 9.80000000 -1.24195714E-001
9.90000000 9.90000000 -1.05719394E-001
10.00000000 10.00000000 -8.30238884E-002