0.00000000 0.00000000 -9.77942536E-004
0.10000000 0.10000000 7.29047271E-002
0.20000000 0.20000000 1.48810991E-001
0.30000000 0.30000000 2.22870945E-001
0.40000000 0.40000000 2.91335806E-001
0.50000000 0.50000000 3.50733182E-001
0.60000000 0.60000000 3.98000804E-001
0.70000000 0.70000000 4.30598708E-001
0.80000000 0.80000000 4.46599875E-001
0.90000000 0.90000000 4.44759318E-001
1.00000000 1.00000000 4.24561634E-001
1.10000000 1.10000000 3.86247000E-001
1.20000000 1.20000000 3.30815633E-001
1.30000000 1.30000000 2.60010695E-001
1.40000000 1.40000000 1.76279659E-001
1.50000000 1.50000000 8.27141313E-002
1.60000000 1.60000000 -1.70318831E-002
1.70000000 1.70000000 -1.18845247E-001
1.80000000 1.80000000 -2.18278512E-001
1.90000000 1.90000000 -3.10696282E-001
2.00000000 2.00000000 -3.91443122E-001
2.10000000 2.10000000 -4.56033013E-001
2.20000000 2.20000000 -5.00360354E-001
2.30000000 2.30000000 -5.20932506E-001
2.40000000 2.40000000 -5.15123887E-001
2.50000000 2.50000000 -4.81451606E-001
2.60000000 2.60000000 -4.25272395E-001
2.70000000 2.70000000 -3.54469452E-001
2.80000000 2.80000000 -2.72438683E-001
2.90000000 2.90000000 -1.82597290E-001
3.00000000 3.00000000 -8.83210899E-002
3.10000000 3.10000000 7.11346698E-003
3.20000000 3.20000000 1.00582579E-001
3.30000000 3.30000000 1.89163677E-001
3.40000000 3.40000000 2.70179314E-001
3.50000000 3.50000000 3.41236347E-001
3.60000000 3.60000000 4.00260433E-001
3.70000000 3.70000000 4.45525818E-001
3.80000000 3.80000000 4.75680430E-001
3.90000000 3.90000000 4.89766273E-001
4.00000000 4.00000000 4.87235126E-001
4.10000000 4.10000000 4.67959541E-001
4.20000000 4.20000000 4.32239142E-001
4.30000000 4.30000000 3.80802226E-001
4.40000000 4.40000000 3.14802672E-001
4.50000000 4.50000000 2.35812140E-001
4.60000000 4.60000000 1.45807581E-001
4.70000000 4.70000000 4.71540471E-002
4.80000000 4.80000000 -5.74171997E-002
4.90000000 4.90000000 -1.64835275E-001
5.00000000 5.00000000 -2.71720956E-001
5.10000000 5.10000000 -3.67917777E-001
5.20000000 5.20000000 -4.43964189E-001
5.30000000 5.30000000 -4.98045414E-001
5.40000000 5.40000000 -5.29262589E-001
5.50000000 5.50000000 -5.37555976E-001
5.60000000 5.60000000 -5.23626570E-001
5.70000000 5.70000000 -4.88856077E-001
5.80000000 5.80000000 -4.35225281E-001
5.90000000 5.90000000 -3.65230804E-001
6.00000000 6.00000000 -2.81800233E-001
6.10000000 6.10000000 -1.88205652E-001
6.20000000 6.20000000 -8.79755366E-002
6.30000000 6.30000000 1.51949476E-002
6.40000000 6.40000000 1.17535275E-001
6.50000000 6.50000000 2.15292500E-001
6.60000000 6.60000000 3.04825816E-001
6.70000000 6.70000000 3.82702723E-001
6.80000000 6.80000000 4.45796824E-001
6.90000000 6.90000000 4.91387222E-001
7.00000000 7.00000000 5.17259542E-001
7.10000000 7.10000000 5.21808570E-001
7.20000000 7.20000000 5.04142498E-001
7.30000000 7.30000000 4.64188795E-001
7.40000000 7.40000000 4.02801688E-001
7.50000000 7.50000000 3.21871258E-001
7.60000000 7.60000000 2.28879000E-001
7.70000000 7.70000000 1.31476626E-001
7.80000000 7.80000000 3.26781461E-002
7.90000000 7.90000000 -6.45363312E-002
8.00000000 8.00000000 -1.57298667E-001
8.10000000 8.10000000 -2.42922707E-001
8.20000000 8.20000000 -3.18966251E-001
8.30000000 8.30000000 -3.83284967E-001
8.40000000 8.40000000 -4.34078256E-001
8.50000000 8.50000000 -4.69927071E-001
8.60000000 8.60000000 -4.89823680E-001
8.70000000 8.70000000 -4.93193383E-001
8.80000000 8.80000000 -4.79908176E-001
8.90000000 8.90000000 -4.50292367E-001
9.00000000 9.00000000 -4.05120137E-001
9.10000000 9.10000000 -3.45605059E-001
9.20000000 9.20000000 -2.73381561E-001
9.30000000 9.30000000 -1.90478336E-001
9.40000000 9.40000000 -9.92837115E-002
9.50000000 9.50000000 -2.50295713E-003
9.60000000 9.60000000 9.68924479E-002
9.70000000 9.70000000 1.95723604E-001
9.80000000 9.80000000 2.90671028E-001
9.90000000 9.90000000 3.78349541E-001
10.00000000 10.00000000 4.55391207E-001