0.00000000 0.00000000 -2.52974333E-002
0.10000000 0.10000000 1.20120287E-002
0.20000000 0.20000000 5.49416473E-002
0.30000000 0.30000000 1.01253072E-001
0.40000000 0.40000000 1.47866366E-001
0.50000000 0.50000000 1.91250664E-001
0.60000000 0.60000000 2.27768947E-001
0.70000000 0.70000000 2.53976931E-001
0.80000000 0.80000000 2.66876076E-001
0.90000000 0.90000000 2.64120709E-001
1.00000000 1.00000000 2.44179266E-001
1.10000000 1.10000000 2.06449642E-001
1.20000000 1.20000000 1.51328671E-001
1.30000000 1.30000000 8.02357117E-002
1.40000000 1.40000000 -4.40964597E-003
1.50000000 1.50000000 -9.92557594E-002
1.60000000 1.60000000 -2.00132994E-001
1.70000000 1.70000000 -3.02213669E-001
1.80000000 1.80000000 -4.00217886E-001
1.90000000 1.90000000 -4.88665238E-001
2.00000000 2.00000000 -5.62172412E-001
2.10000000 2.10000000 -6.15796660E-001
2.20000000 2.20000000 -6.45425170E-001
2.30000000 2.30000000 -6.48210304E-001
2.40000000 2.40000000 -6.23050737E-001
2.50000000 2.50000000 -5.71118461E-001
2.60000000 2.60000000 -5.01137977E-001
2.70000000 2.70000000 -4.21700799E-001
2.80000000 2.80000000 -3.36081719E-001
2.90000000 2.90000000 -2.47738562E-001
3.00000000 3.00000000 -1.60130004E-001
3.10000000 3.10000000 -7.65564703E-002
3.20000000 3.20000000 -2.41214045E-005
3.30000000 3.30000000 6.68680684E-002
3.40000000 3.40000000 1.22018151E-001
3.50000000 3.50000000 1.63887953E-001
3.60000000 3.60000000 1.91546744E-001
3.70000000 3.70000000 2.04691806E-001
3.80000000 3.80000000 2.03645929E-001
3.90000000 3.90000000 1.89331807E-001
4.00000000 4.00000000 1.63223361E-001
4.10000000 4.10000000 1.27273957E-001
4.20000000 4.20000000 8.38215544E-002
4.30000000 4.30000000 3.54707549E-002
4.40000000 4.40000000 -1.50482294E-002
4.50000000 4.50000000 -6.50436972E-002
4.60000000 4.60000000 -1.12049666E-001
4.70000000 4.70000000 -1.54036169E-001
4.80000000 4.80000000 -1.89642635E-001
4.90000000 4.90000000 -2.18434357E-001
5.00000000 5.00000000 -2.41182056E-001
5.10000000 5.10000000 -2.61872681E-001
5.20000000 5.20000000 -2.81201092E-001
5.30000000 5.30000000 -2.96600481E-001
5.40000000 5.40000000 -3.06142032E-001
5.50000000 5.50000000 -3.08472845E-001
5.60000000 5.60000000 -3.02756894E-001
5.70000000 5.70000000 -2.88619034E-001
5.80000000 5.80000000 -2.66092056E-001
5.90000000 5.90000000 -2.35566773E-001
6.00000000 6.00000000 -1.97745161E-001
6.10000000 6.10000000 -1.53596543E-001
6.20000000 6.20000000 -1.04316805E-001
6.30000000 6.30000000 -5.12906726E-002
6.40000000 6.40000000 3.94298479E-003
6.50000000 6.50000000 5.97227941E-002
6.60000000 6.60000000 1.14293482E-001
6.70000000 6.70000000 1.65831433E-001
6.80000000 6.80000000 2.12467204E-001
6.90000000 6.90000000 2.52304991E-001
7.00000000 7.00000000 2.83439065E-001
7.10000000 7.10000000 3.03967144E-001
7.20000000 7.20000000 3.12000744E-001
7.30000000 7.30000000 3.05672468E-001
7.40000000 7.40000000 2.83140263E-001
7.50000000 7.50000000 2.42588625E-001
7.60000000 7.60000000 1.86445743E-001
7.70000000 7.70000000 1.21838991E-001
7.80000000 7.80000000 5.33239682E-002
7.90000000 7.90000000 -1.53888867E-002
8.00000000 8.00000000 -8.13351344E-002
8.10000000 8.10000000 -1.42204010E-001
8.20000000 8.20000000 -1.96252944E-001
8.30000000 8.30000000 -2.42228919E-001
8.40000000 8.40000000 -2.79296674E-001
8.50000000 8.50000000 -3.06973748E-001
8.60000000 8.60000000 -3.25072364E-001
8.70000000 8.70000000 -3.33648156E-001
8.80000000 8.80000000 -3.32955737E-001
8.90000000 8.90000000 -3.23411110E-001
9.00000000 9.00000000 -3.05560916E-001
9.10000000 9.10000000 -2.80058535E-001
9.20000000 9.20000000 -2.47647009E-001
9.30000000 9.30000000 -2.09148829E-001
9.40000000 9.40000000 -1.65462547E-001
9.50000000 9.50000000 -1.17566237E-001
9.60000000 9.60000000 -6.65277962E-002
9.70000000 9.70000000 -1.35220878E-002
9.80000000 9.80000000 4.01450754E-002
9.90000000 9.90000000 9.30061041E-002
10.00000000 10.00000000 1.43393966E-001