0.00000000 0.00000000 0.00000000E+000
0.10000000 0.10000000 9.93346654E-002
0.20000000 0.20000000 1.94709171E-001
0.30000000 0.30000000 2.82321237E-001
0.40000000 0.40000000 3.58678045E-001
0.50000000 0.50000000 4.20735492E-001
0.60000000 0.60000000 4.66019543E-001
0.70000000 0.70000000 4.92724865E-001
0.80000000 0.80000000 4.99786802E-001
0.90000000 0.90000000 4.86923815E-001
1.00000000 1.00000000 4.54648713E-001
1.10000000 1.10000000 4.04248202E-001
1.20000000 1.20000000 3.37731590E-001
1.30000000 1.30000000 2.57750686E-001
1.40000000 1.40000000 1.67494075E-001
1.50000000 1.50000000 7.05600040E-002
1.60000000 1.60000000 -2.91870717E-002
1.70000000 1.70000000 -1.27770551E-001
1.80000000 1.80000000 -2.21260222E-001
1.90000000 1.90000000 -3.05928945E-001
2.00000000 2.00000000 -3.78401248E-001
2.10000000 2.10000000 -4.35787886E-001
2.20000000 2.20000000 -4.75801037E-001
2.30000000 2.30000000 -4.96845502E-001
2.40000000 2.40000000 -4.98082304E-001
2.50000000 2.50000000 -4.79462137E-001
2.60000000 2.60000000 -4.41727328E-001
2.70000000 2.70000000 -3.86382244E-001
2.80000000 2.80000000 -3.15633319E-001
2.90000000 2.90000000 -2.32301090E-001
3.00000000 3.00000000 -1.39707749E-001
3.10000000 3.10000000 -4.15447014E-002
3.20000000 3.20000000 5.82746024E-002
3.30000000 3.30000000 1.55770682E-001
3.40000000 3.40000000 2.47056676E-001
3.50000000 3.50000000 3.28493299E-001
3.60000000 3.60000000 3.96833932E-001
3.70000000 3.70000000 4.49354048E-001
3.80000000 3.80000000 4.83959836E-001
3.90000000 3.90000000 4.99271673E-001
4.00000000 4.00000000 4.94679123E-001
4.10000000 4.10000000 4.70365278E-001
4.20000000 4.20000000 4.27299454E-001
4.30000000 4.30000000 3.67198549E-001
4.40000000 4.40000000 2.92458596E-001
4.50000000 4.50000000 2.06059243E-001
4.60000000 4.60000000 1.11444957E-001
4.70000000 4.70000000 1.23877127E-002
4.80000000 4.80000000 -8.71633906E-002
4.90000000 4.90000000 -1.83239565E-001
5.00000000 5.00000000 -2.72010555E-001
5.10000000 5.10000000 -3.49937344E-001
5.20000000 5.20000000 -4.13913235E-001
5.30000000 5.30000000 -4.61387711E-001
5.40000000 5.40000000 -4.90468115E-001
5.50000000 5.50000000 -4.99995103E-001
5.60000000 5.60000000 -4.89588865E-001
5.70000000 5.70000000 -4.59664263E-001
5.80000000 5.80000000 -4.11414297E-001
5.90000000 5.90000000 -3.46762542E-001
6.00000000 6.00000000 -2.68286459E-001
6.10000000 6.10000000 -1.79114641E-001
6.20000000 6.20000000 -8.28020877E-002
6.30000000 6.30000000 1.68115236E-002
6.40000000 6.40000000 1.15754913E-001
6.50000000 6.50000000 2.10083518E-001
6.60000000 6.60000000 2.96036757E-001
6.70000000 6.70000000 3.70187945E-001
6.80000000 6.80000000 4.29580907E-001
6.90000000 6.90000000 4.71847835E-001
7.00000000 7.00000000 4.95303678E-001
7.10000000 7.10000000 4.99013326E-001
7.20000000 7.20000000 4.82828888E-001
7.30000000 7.30000000 4.47395586E-001
7.40000000 7.40000000 3.94126034E-001
7.50000000 7.50000000 3.25143920E-001
7.60000000 7.60000000 2.43199344E-001
7.70000000 7.70000000 1.51559178E-001
7.80000000 7.80000000 5.38768261E-002
7.90000000 7.90000000 -4.59534251E-002
8.00000000 8.00000000 -1.43951658E-001
8.10000000 8.10000000 -2.36210993E-001
8.20000000 8.20000000 -3.19053341E-001
8.30000000 8.30000000 -3.89176039E-001
8.40000000 8.40000000 -4.43783517E-001
8.50000000 8.50000000 -4.80698746E-001
8.60000000 8.60000000 -4.98450033E-001
8.70000000 8.70000000 -4.96329690E-001
8.80000000 8.80000000 -4.74422249E-001
8.90000000 8.90000000 -4.33601090E-001
9.00000000 9.00000000 -3.75493623E-001
9.10000000 9.10000000 -3.02416411E-001
9.20000000 9.20000000 -2.17282811E-001
9.30000000 9.30000000 -1.23486831E-001
9.40000000 9.40000000 -2.47678204E-002
9.50000000 9.50000000 7.49386048E-002
9.60000000 9.60000000 1.71657464E-001
9.70000000 9.70000000 2.61532883E-001
9.80000000 9.80000000 3.40981810E-001
9.90000000 9.90000000 4.06836869E-001
10.00000000 10.00000000 4.56472625E-001