0.00000000 0.00000000 -2.72394344E-003
0.10000000 0.10000000 1.07606178E-001
0.20000000 0.20000000 2.09562683E-001
0.30000000 0.30000000 2.99634990E-001
0.40000000 0.40000000 3.75025805E-001
0.50000000 0.50000000 4.33632376E-001
0.60000000 0.60000000 4.74023868E-001
0.70000000 0.70000000 4.95414875E-001
0.80000000 0.80000000 4.97635062E-001
0.90000000 0.90000000 4.81094938E-001
1.00000000 1.00000000 4.46747752E-001
1.10000000 1.10000000 3.96047527E-001
1.20000000 1.20000000 3.30903218E-001
1.30000000 1.30000000 2.53629008E-001
1.40000000 1.40000000 1.66890725E-001
1.50000000 1.50000000 7.36483922E-002
1.60000000 1.60000000 -2.29050868E-002
1.70000000 1.70000000 -1.19409120E-001
1.80000000 1.80000000 -2.12404487E-001
1.90000000 1.90000000 -2.98406263E-001
2.00000000 2.00000000 -3.73980622E-001
2.10000000 2.10000000 -4.35825504E-001
2.20000000 2.20000000 -4.80855154E-001
2.30000000 2.30000000 -5.06288531E-001
2.40000000 2.40000000 -5.09741585E-001
2.50000000 2.50000000 -4.89323407E-001
2.60000000 2.60000000 -4.46046325E-001
2.70000000 2.70000000 -3.84337672E-001
2.80000000 2.80000000 -3.07970827E-001
2.90000000 2.90000000 -2.20800131E-001
3.00000000 3.00000000 -1.26679666E-001
3.10000000 3.10000000 -2.93877434E-002
3.20000000 3.20000000 6.74428918E-002
3.30000000 3.30000000 1.60389150E-001
3.40000000 3.40000000 2.46295976E-001
3.50000000 3.50000000 3.22329014E-001
3.60000000 3.60000000 3.86021567E-001
3.70000000 3.70000000 4.35315841E-001
3.80000000 3.80000000 4.68598487E-001
3.90000000 3.90000000 4.84730417E-001
4.00000000 4.00000000 4.83070929E-001
4.10000000 4.10000000 4.63496106E-001
4.20000000 4.20000000 4.26411514E-001
4.30000000 4.30000000 3.72759186E-001
4.40000000 4.40000000 3.04018892E-001
4.50000000 4.50000000 2.22203707E-001
4.60000000 4.60000000 1.29849863E-001
4.70000000 4.70000000 3.00008904E-002
4.80000000 4.80000000 -7.38139489E-002
4.90000000 4.90000000 -1.77606940E-001
5.00000000 5.00000000 -2.76964902E-001
5.10000000 5.10000000 -3.63242930E-001
5.20000000 5.20000000 -4.29831774E-001
5.30000000 5.30000000 -4.75653238E-001
5.40000000 5.40000000 -5.00348069E-001
5.50000000 5.50000000 -5.04211230E-001
5.60000000 5.60000000 -4.88126968E-001
5.70000000 5.70000000 -4.53503686E-001
5.80000000 5.80000000 -4.02208606E-001
5.90000000 5.90000000 -3.36502241E-001
6.00000000 6.00000000 -2.58972658E-001
6.10000000 6.10000000 -1.72469544E-001
6.20000000 6.20000000 -8.00380671E-002
6.30000000 6.30000000 1.51474585E-002
6.40000000 6.40000000 1.09850112E-001
6.50000000 6.50000000 2.00837105E-001
6.60000000 6.60000000 2.84946725E-001
6.70000000 6.70000000 3.59155472E-001
6.80000000 6.80000000 4.20645407E-001
6.90000000 6.90000000 4.66871692E-001
7.00000000 7.00000000 4.95630337E-001
7.10000000 7.10000000 5.05126146E-001
7.20000000 7.20000000 4.94040862E-001
7.30000000 7.30000000 4.61601519E-001
7.40000000 7.40000000 4.07648988E-001
7.50000000 7.50000000 3.32706730E-001
7.60000000 7.60000000 2.42047741E-001
7.70000000 7.70000000 1.43373521E-001
7.80000000 7.80000000 4.12018874E-002
7.90000000 7.90000000 -6.02648431E-002
8.00000000 8.00000000 -1.57192480E-001
8.10000000 8.10000000 -2.46160850E-001
8.20000000 8.20000000 -3.24202948E-001
8.30000000 8.30000000 -3.88837362E-001
8.40000000 8.40000000 -4.38093960E-001
8.50000000 8.50000000 -4.70532841E-001
8.60000000 8.60000000 -4.85256555E-001
8.70000000 8.70000000 -4.81915592E-001
8.80000000 8.80000000 -4.60707128E-001
8.90000000 8.90000000 -4.22367043E-001
9.00000000 9.00000000 -3.68155207E-001
9.10000000 9.10000000 -2.99834029E-001
9.20000000 9.20000000 -2.19640267E-001
9.30000000 9.30000000 -1.30250116E-001
9.40000000 9.40000000 -3.47375493E-002
9.50000000 9.50000000 6.34740632E-002
9.60000000 9.60000000 1.60667081E-001
9.70000000 9.70000000 2.52891443E-001
9.80000000 9.80000000 3.36033262E-001
9.90000000 9.90000000 4.05890143E-001
10.00000000 10.00000000 4.58253242E-001