0.00000000 0.00000000 -2.36035982E-015
0.10000000 0.10000000 1.13217223E-001
0.20000000 0.20000000 2.09971795E-001
0.30000000 0.30000000 2.90333370E-001
0.40000000 0.40000000 3.54408057E-001
0.50000000 0.50000000 4.02371105E-001
0.60000000 0.60000000 4.34495491E-001
0.70000000 0.70000000 4.51176392E-001
0.80000000 0.80000000 4.52951545E-001
0.90000000 0.90000000 4.40517493E-001
1.00000000 1.00000000 4.14741723E-001
1.10000000 1.10000000 3.76670692E-001
1.20000000 1.20000000 3.27533740E-001
1.30000000 1.30000000 2.68742887E-001
1.40000000 1.40000000 2.01888528E-001
1.50000000 1.50000000 1.28731011E-001
1.60000000 1.60000000 5.11880979E-002
1.70000000 1.70000000 -2.86816767E-002
1.80000000 1.80000000 -1.08699764E-001
1.90000000 1.90000000 -1.86592469E-001
2.00000000 2.00000000 -2.60019933E-001
2.10000000 2.10000000 -3.26609226E-001
2.20000000 2.20000000 -3.83991549E-001
2.30000000 2.30000000 -4.29843550E-001
2.40000000 2.40000000 -4.61932756E-001
2.50000000 2.50000000 -4.78167105E-001
2.60000000 2.60000000 -4.69392448E-001
2.70000000 2.70000000 -4.30558333E-001
2.80000000 2.80000000 -3.66458116E-001
2.90000000 2.90000000 -2.82460261E-001
3.00000000 3.00000000 -1.84258193E-001
3.10000000 3.10000000 -7.76428471E-002
3.20000000 3.20000000 3.17020695E-002
3.30000000 3.30000000 1.38382114E-001
3.40000000 3.40000000 2.37451440E-001
3.50000000 3.50000000 3.24549419E-001
3.60000000 3.60000000 3.96014567E-001
3.70000000 3.70000000 4.48975756E-001
3.80000000 3.80000000 4.81420726E-001
3.90000000 3.90000000 4.92241889E-001
4.00000000 4.00000000 4.81259430E-001
4.10000000 4.10000000 4.49221704E-001
4.20000000 4.20000000 3.97782923E-001
4.30000000 4.30000000 3.29458143E-001
4.40000000 4.40000000 2.47555544E-001
4.50000000 4.50000000 1.56086002E-001
4.60000000 4.60000000 5.96499651E-002
4.70000000 4.70000000 -3.66983893E-002
4.80000000 4.80000000 -1.27609690E-001
4.90000000 4.90000000 -2.07620617E-001
5.00000000 5.00000000 -2.71357858E-001
5.10000000 5.10000000 -3.20131732E-001
5.20000000 5.20000000 -3.57931973E-001
5.30000000 5.30000000 -3.83821236E-001
5.40000000 5.40000000 -3.97154095E-001
5.50000000 5.50000000 -3.97581222E-001
5.60000000 5.60000000 -3.85051986E-001
5.70000000 5.70000000 -3.59815448E-001
5.80000000 5.80000000 -3.22419777E-001
5.90000000 5.90000000 -2.73710068E-001
6.00000000 6.00000000 -2.14824568E-001
6.10000000 6.10000000 -1.47189310E-001
6.20000000 6.20000000 -7.25111636E-002
6.30000000 6.30000000 7.23071922E-003
6.40000000 6.40000000 8.97950384E-002
6.50000000 6.50000000 1.72690078E-001
6.60000000 6.60000000 2.53187026E-001
6.70000000 6.70000000 3.28334890E-001
6.80000000 6.80000000 3.94977001E-001
6.90000000 6.90000000 4.49769110E-001
7.00000000 7.00000000 4.89199072E-001
7.10000000 7.10000000 5.09608134E-001
7.20000000 7.20000000 5.07213797E-001
7.30000000 7.30000000 4.78134282E-001
7.40000000 7.40000000 4.18414585E-001
7.50000000 7.50000000 3.24054122E-001
7.60000000 7.60000000 2.03672867E-001
7.70000000 7.70000000 7.51515616E-002
7.80000000 7.80000000 -5.30259466E-002
7.90000000 7.90000000 -1.74084283E-001
8.00000000 8.00000000 -2.82782882E-001
8.10000000 8.10000000 -3.75251041E-001
8.20000000 8.20000000 -4.48831682E-001
8.30000000 8.30000000 -5.01933836E-001
8.40000000 8.40000000 -5.33893839E-001
8.50000000 8.50000000 -5.44845243E-001
8.60000000 8.60000000 -5.35597446E-001
8.70000000 8.70000000 -5.07523032E-001
8.80000000 8.80000000 -4.62453829E-001
8.90000000 8.90000000 -4.02585686E-001
9.00000000 9.00000000 -3.30391956E-001
9.10000000 9.10000000 -2.48545705E-001
9.20000000 9.20000000 -1.59850630E-001
9.30000000 9.30000000 -6.71806898E-002
9.40000000 9.40000000 2.65715388E-002
9.50000000 9.50000000 1.18537801E-001
9.60000000 9.60000000 2.05908380E-001
9.70000000 9.70000000 2.85957603E-001
9.80000000 9.80000000 3.56060631E-001
9.90000000 9.90000000 4.13701528E-001
10.00000000 10.00000000 4.56472625E-001