0.00000000 0.00000000 6.57433349E-002
0.10000000 0.10000000 1.82647417E-001
0.20000000 0.20000000 1.60035421E-001
0.30000000 0.30000000 1.56484567E-001
0.40000000 0.40000000 2.16105681E-001
0.50000000 0.50000000 3.19009952E-001
0.60000000 0.60000000 4.20730740E-001
0.70000000 0.70000000 4.80600433E-001
0.80000000 0.80000000 4.79082351E-001
0.90000000 0.90000000 4.24057704E-001
1.00000000 1.00000000 3.46067598E-001
1.10000000 1.10000000 2.82510092E-001
1.20000000 1.20000000 2.50792298E-001
1.30000000 1.30000000 2.06720593E-001
1.40000000 1.40000000 9.50075535E-002
1.50000000 1.50000000 -2.59865500E-002
1.60000000 1.60000000 -1.13830668E-001
1.70000000 1.70000000 -1.52360160E-001
1.80000000 1.80000000 -1.46911641E-001
1.90000000 1.90000000 -1.18378920E-001
2.00000000 2.00000000 -9.60900213E-002
2.10000000 2.10000000 -1.09505318E-001
2.20000000 2.20000000 -1.78736738E-001
2.30000000 2.30000000 -3.03888079E-001
2.40000000 2.40000000 -4.53216403E-001
2.50000000 2.50000000 -5.50114535E-001
2.60000000 2.60000000 -5.00738856E-001
2.70000000 2.70000000 -3.81601513E-001
2.80000000 2.80000000 -2.66117921E-001
2.90000000 2.90000000 -1.70397575E-001
3.00000000 3.00000000 -8.17754118E-002
3.10000000 3.10000000 1.93861504E-002
3.20000000 3.20000000 1.44624492E-001
3.30000000 3.30000000 2.89033394E-001
3.40000000 3.40000000 4.29648963E-001
3.50000000 3.50000000 5.30564875E-001
3.60000000 3.60000000 5.54776942E-001
3.70000000 3.70000000 4.82757000E-001
3.80000000 3.80000000 3.53862518E-001
3.90000000 3.90000000 2.84894394E-001
4.00000000 4.00000000 2.51459483E-001
4.10000000 4.10000000 2.28856348E-001
4.20000000 4.20000000 2.07195103E-001
4.30000000 4.30000000 1.84705949E-001
4.40000000 4.40000000 1.62543992E-001
4.50000000 4.50000000 1.41090333E-001
4.60000000 4.60000000 1.17749440E-001
4.70000000 4.70000000 8.62427896E-002
4.80000000 4.80000000 3.73987879E-002
4.90000000 4.90000000 -3.85610299E-002
5.00000000 5.00000000 -1.48239527E-001
5.10000000 5.10000000 -2.74922822E-001
5.20000000 5.20000000 -3.83613506E-001
5.30000000 5.30000000 -4.60179750E-001
5.40000000 5.40000000 -5.01952420E-001
5.50000000 5.50000000 -5.12820735E-001
5.60000000 5.60000000 -4.99428522E-001
5.70000000 5.70000000 -4.68471079E-001
5.80000000 5.80000000 -4.25092626E-001
5.90000000 5.90000000 -3.72384357E-001
6.00000000 6.00000000 -3.11983093E-001
6.10000000 6.10000000 -2.45770533E-001
6.20000000 6.20000000 -1.78673100E-001
6.30000000 6.30000000 -1.14665061E-001
6.40000000 6.40000000 -1.47361343E-002
6.50000000 6.50000000 1.19906417E-001
6.60000000 6.60000000 2.61590209E-001
6.70000000 6.70000000 3.79269606E-001
6.80000000 6.80000000 4.50768190E-001
6.90000000 6.90000000 4.69690927E-001
7.00000000 7.00000000 4.47006013E-001
7.10000000 7.10000000 4.07296405E-001
7.20000000 7.20000000 3.79681041E-001
7.30000000 7.30000000 3.83405751E-001
7.40000000 7.40000000 4.08103844E-001
7.50000000 7.50000000 3.88726389E-001
7.60000000 7.60000000 2.52065915E-001
7.70000000 7.70000000 8.33814908E-002
7.80000000 7.80000000 -5.10014141E-002
7.90000000 7.90000000 -1.31277845E-001
8.00000000 8.00000000 -1.65831898E-001
8.10000000 8.10000000 -1.76340211E-001
8.20000000 8.20000000 -1.86310419E-001
8.30000000 8.30000000 -2.13054565E-001
8.40000000 8.40000000 -2.63097472E-001
8.50000000 8.50000000 -3.31020074E-001
8.60000000 8.60000000 -4.01737700E-001
8.70000000 8.70000000 -4.56213328E-001
8.80000000 8.80000000 -4.77294851E-001
8.90000000 8.90000000 -4.59621410E-001
9.00000000 9.00000000 -4.22646674E-001
9.10000000 9.10000000 -3.66289819E-001
9.20000000 9.20000000 -2.83635483E-001
9.30000000 9.30000000 -1.73463291E-001
9.40000000 9.40000000 -4.63269930E-002
9.50000000 9.50000000 7.58167706E-002
9.60000000 9.60000000 1.66430084E-001
9.70000000 9.70000000 2.07665749E-001
9.80000000 9.80000000 2.10089652E-001
9.90000000 9.90000000 2.38853518E-001
10.00000000 10.00000000 4.46318033E-001