0.00000000 0.00000000 1.95881227E-002
0.10000000 0.10000000 -1.45333403E-002
0.20000000 0.20000000 8.99955301E-002
0.30000000 0.30000000 2.20579899E-001
0.40000000 0.40000000 3.25701258E-001
0.50000000 0.50000000 3.92059855E-001
0.60000000 0.60000000 4.26272265E-001
0.70000000 0.70000000 4.41124116E-001
0.80000000 0.80000000 4.46377950E-001
0.90000000 0.90000000 4.44136240E-001
1.00000000 1.00000000 4.28759543E-001
1.10000000 1.10000000 3.91339810E-001
1.20000000 1.20000000 3.28728830E-001
1.30000000 1.30000000 2.51855692E-001
1.40000000 1.40000000 1.54133430E-001
1.50000000 1.50000000 3.92397295E-002
1.60000000 1.60000000 -8.05439652E-002
1.70000000 1.70000000 -1.92409979E-001
1.80000000 1.80000000 -2.86614746E-001
1.90000000 1.90000000 -3.58516964E-001
2.00000000 2.00000000 -4.09063551E-001
2.10000000 2.10000000 -4.43723417E-001
2.20000000 2.20000000 -4.69869041E-001
2.30000000 2.30000000 -4.92605864E-001
2.40000000 2.40000000 -5.09049485E-001
2.50000000 2.50000000 -5.01050671E-001
2.60000000 2.60000000 -4.43030871E-001
2.70000000 2.70000000 -3.49667748E-001
2.80000000 2.80000000 -2.46386831E-001
2.90000000 2.90000000 -1.53693234E-001
3.00000000 3.00000000 -8.32278857E-002
3.10000000 3.10000000 -3.60321680E-002
3.20000000 3.20000000 -3.02096066E-003
3.30000000 3.30000000 3.23359024E-002
3.40000000 3.40000000 8.91237700E-002
3.50000000 3.50000000 1.81884902E-001
3.60000000 3.60000000 3.11311788E-001
3.70000000 3.70000000 4.52732058E-001
3.80000000 3.80000000 5.41628438E-001
3.90000000 3.90000000 5.49569959E-001
4.00000000 4.00000000 5.34936433E-001
4.10000000 4.10000000 5.18717571E-001
4.20000000 4.20000000 4.95331422E-001
4.30000000 4.30000000 4.49966431E-001
4.40000000 4.40000000 3.70881649E-001
4.50000000 4.50000000 2.56665089E-001
4.60000000 4.60000000 1.18450229E-001
4.70000000 4.70000000 -2.29093366E-002
4.80000000 4.80000000 -1.44707099E-001
4.90000000 4.90000000 -2.35292685E-001
5.00000000 5.00000000 -3.12022768E-001
5.10000000 5.10000000 -4.09431478E-001
5.20000000 5.20000000 -4.93733755E-001
5.30000000 5.30000000 -5.41494674E-001
5.40000000 5.40000000 -5.52619320E-001
5.50000000 5.50000000 -5.37809018E-001
5.60000000 5.60000000 -5.09235898E-001
5.70000000 5.70000000 -4.74435794E-001
5.80000000 5.80000000 -4.33419471E-001
5.90000000 5.90000000 -3.79002182E-001
6.00000000 6.00000000 -3.00351569E-001
6.10000000 6.10000000 -1.89753879E-001
6.20000000 6.20000000 -5.25985281E-002
6.30000000 6.30000000 8.01340267E-002
6.40000000 6.40000000 1.87520519E-001
6.50000000 6.50000000 2.86350962E-001
6.60000000 6.60000000 3.82394910E-001
6.70000000 6.70000000 4.72015400E-001
6.80000000 6.80000000 5.46884747E-001
6.90000000 6.90000000 5.97775581E-001
7.00000000 7.00000000 6.17427102E-001
7.10000000 7.10000000 6.02486553E-001
7.20000000 7.20000000 5.54525934E-001
7.30000000 7.30000000 4.80133926E-001
7.40000000 7.40000000 3.90083051E-001
7.50000000 7.50000000 2.97572050E-001
7.60000000 7.60000000 2.17228182E-001
7.70000000 7.70000000 1.34638825E-001
7.80000000 7.80000000 3.93648581E-002
7.90000000 7.90000000 -6.30816731E-002
8.00000000 8.00000000 -1.61468785E-001
8.10000000 8.10000000 -2.46041486E-001
8.20000000 8.20000000 -3.12684404E-001
8.30000000 8.30000000 -3.64050116E-001
8.40000000 8.40000000 -4.07653186E-001
8.50000000 8.50000000 -4.50929891E-001
8.60000000 8.60000000 -4.93263657E-001
8.70000000 8.70000000 -5.14976197E-001
8.80000000 8.80000000 -4.71315321E-001
8.90000000 8.90000000 -3.85751719E-001
9.00000000 9.00000000 -3.07782611E-001
9.10000000 9.10000000 -2.49261197E-001
9.20000000 9.20000000 -2.01595220E-001
9.30000000 9.30000000 -1.49487329E-001
9.40000000 9.40000000 -8.05758449E-002
9.50000000 9.50000000 9.02409545E-003
9.60000000 9.60000000 1.13278984E-001
9.70000000 9.70000000 2.18895003E-001
9.80000000 9.80000000 3.12075686E-001
9.90000000 9.90000000 3.89379188E-001
10.00000000 10.00000000 4.72675157E-001