0.00000000 0.00000000 1.00000000E+000
0.10000000 0.10000000 1.09483758E+000
0.20000000 0.20000000 1.17873591E+000
0.30000000 0.30000000 1.25085670E+000
0.40000000 0.40000000 1.31047934E+000
0.50000000 0.50000000 1.35700810E+000
0.60000000 0.60000000 1.38997809E+000
0.70000000 0.70000000 1.40905987E+000
0.80000000 0.80000000 1.41406280E+000
0.90000000 0.90000000 1.40493688E+000
1.00000000 1.00000000 1.38177329E+000
1.10000000 1.10000000 1.34480348E+000
1.20000000 1.20000000 1.29439684E+000
1.30000000 1.30000000 1.23105701E+000
1.40000000 1.40000000 1.15541687E+000
1.50000000 1.50000000 1.06823219E+000
1.60000000 1.60000000 9.70374081E-001
1.70000000 1.70000000 8.62820316E-001
1.80000000 1.80000000 7.46645536E-001
1.90000000 1.90000000 6.23010521E-001
2.00000000 2.00000000 4.93150590E-001
2.10000000 2.10000000 3.58363262E-001
2.20000000 2.20000000 2.19995287E-001
2.30000000 2.30000000 7.94291909E-002
2.40000000 2.40000000 -6.19305350E-002
2.50000000 2.50000000 -2.02671471E-001
2.60000000 2.60000000 -3.41387382E-001
2.70000000 2.70000000 -4.76692262E-001
2.80000000 2.80000000 -6.07234191E-001
2.90000000 2.90000000 -7.31708836E-001
3.00000000 3.00000000 -8.48872489E-001
3.10000000 3.10000000 -9.57554488E-001
3.20000000 3.20000000 -1.05666892E+000
3.30000000 3.30000000 -1.14522546E+000
3.40000000 3.40000000 -1.22233929E+000
3.50000000 3.50000000 -1.28723991E+000
3.60000000 3.60000000 -1.33927886E+000
3.70000000 3.70000000 -1.37793617E+000
3.80000000 3.80000000 -1.40282560E+000
3.90000000 3.90000000 -1.41369846E+000
4.00000000 4.00000000 -1.41044612E+000
4.10000000 4.10000000 -1.39310106E+000
4.20000000 4.20000000 -1.36183659E+000
4.30000000 4.30000000 -1.31696511E+000
4.40000000 4.40000000 -1.25893494E+000
4.50000000 4.50000000 -1.18832592E+000
4.60000000 4.60000000 -1.10584353E+000
4.70000000 4.70000000 -1.01231192E+000
4.80000000 4.80000000 -9.08665625E-001
4.90000000 4.90000000 -7.95940243E-001
5.00000000 5.00000000 -6.75262089E-001
5.10000000 5.10000000 -5.47836940E-001
5.20000000 5.20000000 -4.14937984E-001
5.30000000 5.30000000 -2.77893106E-001
5.40000000 5.40000000 -1.38071612E-001
5.50000000 5.50000000 3.12944872E-003
5.60000000 5.60000000 1.44299241E-001
5.70000000 5.70000000 2.84027242E-001
5.80000000 5.80000000 4.20917338E-001
5.90000000 5.90000000 5.53601766E-001
6.00000000 6.00000000 6.80754788E-001
6.10000000 6.10000000 8.01105934E-001
6.20000000 6.20000000 9.13452694E-001
6.30000000 6.30000000 1.01667254E+000
6.40000000 6.40000000 1.10973412E+000
6.50000000 6.50000000 1.19170761E+000
6.60000000 6.60000000 1.26177396E+000
6.70000000 6.70000000 1.31923307E+000
6.80000000 6.80000000 1.36351084E+000
6.90000000 6.90000000 1.39416486E+000
7.00000000 7.00000000 1.41088885E+000
7.10000000 7.10000000 1.41351571E+000
7.20000000 7.20000000 1.40201918E+000
7.30000000 7.30000000 1.37651414E+000
7.40000000 7.40000000 1.33725542E+000
7.50000000 7.50000000 1.28463529E+000
7.60000000 7.60000000 1.21917951E+000
7.70000000 7.70000000 1.14154210E+000
7.80000000 7.80000000 1.05249877E+000
7.90000000 7.90000000 9.52939216E-001
8.00000000 8.00000000 8.43858213E-001
8.10000000 8.10000000 7.26345657E-001
8.20000000 8.20000000 6.01575696E-001
8.30000000 8.30000000 4.70794989E-001
8.40000000 8.40000000 3.35310254E-001
8.50000000 8.50000000 1.96475210E-001
8.60000000 8.60000000 5.56770506E-002
8.70000000 8.70000000 -8.56774155E-002
8.80000000 8.80000000 -2.26175821E-001
8.90000000 8.90000000 -3.64414353E-001
9.00000000 9.00000000 -4.99011777E-001
9.10000000 9.10000000 -6.28623240E-001
9.20000000 9.20000000 -7.51953707E-001
9.30000000 9.30000000 -8.67770902E-001
9.40000000 9.40000000 -9.74917617E-001
9.50000000 9.50000000 -1.07232328E+000
9.60000000 9.60000000 -1.15901464E+000
9.70000000 9.70000000 -1.23412551E+000
9.80000000 9.80000000 -1.29690540E+000
9.90000000 9.90000000 -1.34672705E+000
10.00000000 10.00000000 -1.38309264E+000