0.00000000 0.00000000 9.95472414E-001
0.10000000 0.10000000 1.26901488E+000
0.20000000 0.20000000 1.50217672E+000
0.30000000 0.30000000 1.68780625E+000
0.40000000 0.40000000 1.82226731E+000
0.50000000 0.50000000 1.90484346E+000
0.60000000 0.60000000 1.93718562E+000
0.70000000 0.70000000 1.92280331E+000
0.80000000 0.80000000 1.86659935E+000
0.90000000 0.90000000 1.77444812E+000
1.00000000 1.00000000 1.65281736E+000
1.10000000 1.10000000 1.50843344E+000
1.20000000 1.20000000 1.34799021E+000
1.30000000 1.30000000 1.17790136E+000
1.40000000 1.40000000 1.00409627E+000
1.50000000 1.50000000 8.31859433E-001
1.60000000 1.60000000 6.65713395E-001
1.70000000 1.70000000 5.09345180E-001
1.80000000 1.80000000 3.65576284E-001
1.90000000 1.90000000 2.36376175E-001
2.00000000 2.00000000 1.22919320E-001
2.10000000 2.10000000 2.56857378E-002
2.20000000 2.20000000 -5.53949230E-002
2.30000000 2.30000000 -1.20755783E-001
2.40000000 2.40000000 -1.70961603E-001
2.50000000 2.50000000 -2.06434136E-001
2.60000000 2.60000000 -2.51307200E-001
2.70000000 2.70000000 -3.27614308E-001
2.80000000 2.80000000 -4.30466374E-001
2.90000000 2.90000000 -5.53171061E-001
3.00000000 3.00000000 -6.88008476E-001
3.10000000 3.10000000 -8.26909444E-001
3.20000000 3.20000000 -9.62036367E-001
3.30000000 3.30000000 -1.08626666E+000
3.40000000 3.40000000 -1.19357876E+000
3.50000000 3.50000000 -1.27934077E+000
3.60000000 3.60000000 -1.34050158E+000
3.70000000 3.70000000 -1.37568467E+000
3.80000000 3.80000000 -1.38518445E+000
3.90000000 3.90000000 -1.37086521E+000
4.00000000 4.00000000 -1.33596257E+000
4.10000000 4.10000000 -1.28478764E+000
4.20000000 4.20000000 -1.22233365E+000
4.30000000 4.30000000 -1.15378520E+000
4.40000000 4.40000000 -1.08393013E+000
4.50000000 4.50000000 -1.01647392E+000
4.60000000 4.60000000 -9.53256681E-001
4.70000000 4.70000000 -8.93372752E-001
4.80000000 4.80000000 -8.32192847E-001
4.90000000 4.90000000 -7.60288810E-001
5.00000000 5.00000000 -6.62260935E-001
5.10000000 5.10000000 -5.24235218E-001
5.20000000 5.20000000 -3.58172816E-001
5.30000000 5.30000000 -1.79286236E-001
5.40000000 5.40000000 7.57998013E-004
5.50000000 5.50000000 1.73431306E-001
5.60000000 5.60000000 3.32945544E-001
5.70000000 5.70000000 4.75866007E-001
5.80000000 5.80000000 6.00734961E-001
5.90000000 5.90000000 7.07705683E-001
6.00000000 6.00000000 7.98187032E-001
6.10000000 6.10000000 8.74498532E-001
6.20000000 6.20000000 9.39535980E-001
6.30000000 6.30000000 9.96447567E-001
6.40000000 6.40000000 1.04832053E+000
6.50000000 6.50000000 1.09787830E+000
6.60000000 6.60000000 1.14718823E+000
6.70000000 6.70000000 1.19737972E+000
6.80000000 6.80000000 1.24837304E+000
6.90000000 6.90000000 1.29861848E+000
7.00000000 7.00000000 1.34484618E+000
7.10000000 7.10000000 1.38182639E+000
7.20000000 7.20000000 1.40214026E+000
7.30000000 7.30000000 1.39596117E+000
7.40000000 7.40000000 1.35084659E+000
7.50000000 7.50000000 1.25154043E+000
7.60000000 7.60000000 1.10606632E+000
7.70000000 7.70000000 9.49053286E-001
7.80000000 7.80000000 7.96589595E-001
7.90000000 7.90000000 6.57679846E-001
8.00000000 8.00000000 5.35829827E-001
8.10000000 8.10000000 4.30478238E-001
8.20000000 8.20000000 3.38275294E-001
8.30000000 8.30000000 2.54208209E-001
8.40000000 8.40000000 1.72573561E-001
8.50000000 8.50000000 8.77965260E-002
8.60000000 8.60000000 -4.90299839E-003
8.70000000 8.70000000 -1.08997397E-001
8.80000000 8.80000000 -2.26291461E-001
8.90000000 8.90000000 -3.56715632E-001
9.00000000 9.00000000 -4.98272371E-001
9.10000000 9.10000000 -6.47135642E-001
9.20000000 9.20000000 -7.97903528E-001
9.30000000 9.30000000 -9.44003953E-001
9.40000000 9.40000000 -1.07825354E+000
9.50000000 9.50000000 -1.19356959E+000
9.60000000 9.60000000 -1.28383517E+000
9.70000000 9.70000000 -1.34491730E+000
9.80000000 9.80000000 -1.37583837E+000
9.90000000 9.90000000 -1.38010050E+000
10.00000000 10.00000000 -1.36716321E+000