0.00000000 0.00000000 1.00000000E+000
0.10000000 0.10000000 1.09875104E+000
0.20000000 0.20000000 1.18385547E+000
0.30000000 0.30000000 1.25536878E+000
0.40000000 0.40000000 1.31333870E+000
0.50000000 0.50000000 1.35780520E+000
0.60000000 0.60000000 1.38880050E+000
0.70000000 0.70000000 1.40634907E+000
0.80000000 0.80000000 1.41046764E+000
0.90000000 0.90000000 1.40116516E+000
1.00000000 1.00000000 1.37844285E+000
1.10000000 1.10000000 1.34229417E+000
1.20000000 1.20000000 1.29270483E+000
1.30000000 1.30000000 1.22316838E+000
1.40000000 1.40000000 1.13905713E+000
1.50000000 1.50000000 1.04865247E+000
1.60000000 1.60000000 9.51956103E-001
1.70000000 1.70000000 8.48969345E-001
1.80000000 1.80000000 7.39693101E-001
1.90000000 1.90000000 6.24127872E-001
2.00000000 2.00000000 5.02273756E-001
2.10000000 2.10000000 3.74130441E-001
2.20000000 2.20000000 2.39697214E-001
2.30000000 2.30000000 9.89729551E-002
2.40000000 2.40000000 -4.80438607E-002
2.50000000 2.50000000 -2.01355163E-001
2.60000000 2.60000000 -3.50707364E-001
2.70000000 2.70000000 -4.90592281E-001
2.80000000 2.80000000 -6.21011111E-001
2.90000000 2.90000000 -7.41964950E-001
3.00000000 3.00000000 -8.53454795E-001
3.10000000 3.10000000 -9.55481546E-001
3.20000000 3.20000000 -1.04804600E+000
3.30000000 3.30000000 -1.13114886E+000
3.40000000 3.40000000 -1.20479074E+000
3.50000000 3.50000000 -1.26897212E+000
3.60000000 3.60000000 -1.32369342E+000
3.70000000 3.70000000 -1.36895493E+000
3.80000000 3.80000000 -1.39625481E+000
3.90000000 3.90000000 -1.40348991E+000
4.00000000 4.00000000 -1.39846133E+000
4.10000000 4.10000000 -1.38116915E+000
4.20000000 4.20000000 -1.35161342E+000
4.30000000 4.30000000 -1.30979413E+000
4.40000000 4.40000000 -1.25571125E+000
4.50000000 4.50000000 -1.18936468E+000
4.60000000 4.60000000 -1.11075430E+000
4.70000000 4.70000000 -1.01987995E+000
4.80000000 4.80000000 -9.16741405E-001
4.90000000 4.90000000 -8.01338422E-001
5.00000000 5.00000000 -6.73670704E-001
5.10000000 5.10000000 -5.32826578E-001
5.20000000 5.20000000 -3.93709256E-001
5.30000000 5.30000000 -2.56318397E-001
5.40000000 5.40000000 -1.20653662E-001
5.50000000 5.50000000 1.32852818E-002
5.60000000 5.60000000 1.45498760E-001
5.70000000 5.70000000 2.75987093E-001
5.80000000 5.80000000 4.04750595E-001
5.90000000 5.90000000 5.31789574E-001
6.00000000 6.00000000 6.57104334E-001
6.10000000 6.10000000 7.80695172E-001
6.20000000 6.20000000 9.02562377E-001
6.30000000 6.30000000 1.01559479E+000
6.40000000 6.40000000 1.11107175E+000
6.50000000 6.50000000 1.19319805E+000
6.60000000 6.60000000 1.26197390E+000
6.70000000 6.70000000 1.31739942E+000
6.80000000 6.80000000 1.35947453E+000
6.90000000 6.90000000 1.38819906E+000
7.00000000 7.00000000 1.40357268E+000
7.10000000 7.10000000 1.40559493E+000
7.20000000 7.20000000 1.39426519E+000
7.30000000 7.30000000 1.36958274E+000
7.40000000 7.40000000 1.33154669E+000
7.50000000 7.50000000 1.28015603E+000
7.60000000 7.60000000 1.20369600E+000
7.70000000 7.70000000 1.12054142E+000
7.80000000 7.80000000 1.03069158E+000
7.90000000 7.90000000 9.34145405E-001
8.00000000 8.00000000 8.30901474E-001
8.10000000 8.10000000 7.20958019E-001
8.20000000 8.20000000 6.04312919E-001
8.30000000 8.30000000 4.80963707E-001
8.40000000 8.40000000 3.50907562E-001
8.50000000 8.50000000 2.14141314E-001
8.60000000 8.60000000 7.06614449E-002
8.70000000 8.70000000 -7.95359154E-002
8.80000000 8.80000000 -2.33554279E-001
8.90000000 8.90000000 -3.79506214E-001
9.00000000 9.00000000 -5.16342541E-001
9.10000000 9.10000000 -6.44074451E-001
9.20000000 9.20000000 -7.62707647E-001
9.30000000 9.30000000 -8.72242343E-001
9.40000000 9.40000000 -9.72673266E-001
9.50000000 9.50000000 -1.06398965E+000
9.60000000 9.60000000 -1.14617525E+000
9.70000000 9.70000000 -1.21920832E+000
9.80000000 9.80000000 -1.28306164E+000
9.90000000 9.90000000 -1.33770248E+000
10.00000000 10.00000000 -1.38309264E+000