0.00000000 0.00000000 -6.84329322E-002
0.10000000 0.10000000 -9.23009978E-003
0.20000000 0.20000000 4.61549723E-002
0.30000000 0.30000000 9.53570965E-002
0.40000000 0.40000000 1.36756163E-001
0.50000000 0.50000000 1.69379156E-001
0.60000000 0.60000000 1.92807024E-001
0.70000000 0.70000000 2.07086402E-001
0.80000000 0.80000000 2.12646192E-001
0.90000000 0.90000000 2.10218991E-001
1.00000000 1.00000000 2.00767385E-001
1.10000000 1.10000000 1.85415081E-001
1.20000000 1.20000000 1.65382907E-001
1.30000000 1.30000000 1.41929658E-001
1.40000000 1.40000000 1.16297800E-001
1.50000000 1.50000000 8.96640289E-002
1.60000000 1.60000000 6.30946774E-002
1.70000000 1.70000000 3.75059834E-002
1.80000000 1.80000000 1.36292086E-002
1.90000000 1.90000000 -8.01938859E-003
2.00000000 2.00000000 -2.71637245E-002
2.10000000 2.10000000 -4.37882092E-002
2.20000000 2.20000000 -5.81532100E-002
2.30000000 2.30000000 -7.08056621E-002
2.40000000 2.40000000 -8.25848236E-002
2.50000000 2.50000000 -9.46231781E-002
2.60000000 2.60000000 -1.04030083E-001
2.70000000 2.70000000 -1.07208618E-001
2.80000000 2.80000000 -1.04707190E-001
2.90000000 2.90000000 -9.73393949E-002
3.00000000 3.00000000 -8.60945667E-002
3.10000000 3.10000000 -7.20578256E-002
3.20000000 3.20000000 -5.63396148E-002
3.30000000 3.30000000 -4.00147327E-002
3.40000000 3.40000000 -2.40708587E-002
3.50000000 3.50000000 -9.36657155E-003
3.60000000 3.60000000 3.40113746E-003
3.70000000 3.70000000 1.37198592E-002
3.80000000 3.80000000 2.12752672E-002
3.90000000 3.90000000 2.59551247E-002
4.00000000 4.00000000 2.78437983E-002
4.10000000 4.10000000 2.72072784E-002
4.20000000 4.20000000 2.44687057E-002
4.30000000 4.30000000 2.01744046E-002
4.40000000 4.40000000 1.49504229E-002
4.50000000 4.50000000 9.44957806E-003
4.60000000 4.60000000 4.28901014E-003
4.70000000 4.70000000 -2.17589150E-005
4.80000000 4.80000000 -3.16225941E-003
4.90000000 4.90000000 -5.09200148E-003
5.00000000 5.00000000 -6.15089618E-003
5.10000000 5.10000000 -7.65251318E-003
5.20000000 5.20000000 -1.02277927E-002
5.30000000 5.30000000 -1.35201446E-002
5.40000000 5.40000000 -1.71594752E-002
5.50000000 5.50000000 -2.07813914E-002
5.60000000 5.60000000 -2.40439913E-002
5.70000000 5.70000000 -2.66422403E-002
5.80000000 5.80000000 -2.83199332E-002
5.90000000 5.90000000 -2.88792428E-002
6.00000000 6.00000000 -2.81878538E-002
6.10000000 6.10000000 -2.61836835E-002
6.20000000 6.20000000 -2.28771877E-002
6.30000000 6.30000000 -1.83512533E-002
6.40000000 6.40000000 -1.27586763E-002
6.50000000 6.50000000 -6.31722624E-003
6.60000000 6.60000000 6.97703449E-004
6.70000000 6.70000000 7.96285930E-003
6.80000000 6.80000000 1.51193054E-002
6.90000000 6.90000000 2.17870153E-002
7.00000000 7.00000000 2.75818774E-002
7.10000000 7.10000000 3.21351148E-002
7.20000000 7.20000000 3.51151192E-002
7.30000000 7.30000000 3.62516983E-002
7.40000000 7.40000000 3.53627374E-002
7.50000000 7.50000000 3.23832758E-002
7.60000000 7.60000000 2.81333929E-002
7.70000000 7.70000000 2.36028104E-002
7.80000000 7.80000000 1.89892627E-002
7.90000000 7.90000000 1.43834687E-002
8.00000000 8.00000000 9.79693268E-003
8.10000000 8.10000000 5.18706455E-003
8.20000000 8.20000000 4.79616174E-004
8.30000000 8.30000000 -4.41156396E-003
8.40000000 8.40000000 -9.56745889E-003
8.50000000 8.50000000 -1.50494937E-002
8.60000000 8.60000000 -2.08878287E-002
8.70000000 8.70000000 -2.70723347E-002
8.80000000 8.80000000 -3.35462515E-002
8.90000000 8.90000000 -4.02025278E-002
9.00000000 9.00000000 -4.68828449E-002
9.10000000 9.10000000 -5.33793217E-002
9.20000000 9.20000000 -5.94389030E-002
9.30000000 9.30000000 -6.47704296E-002
9.40000000 9.40000000 -6.90543918E-002
9.50000000 9.50000000 -7.19553646E-002
9.60000000 9.60000000 -7.31371256E-002
9.70000000 9.70000000 -7.22804555E-002
9.80000000 9.80000000 -6.91036212E-002
9.90000000 9.90000000 -6.33855409E-002
10.00000000 10.00000000 -5.49916324E-002