0.00000000 0.00000000 -1.42728884E-001
0.10000000 0.10000000 6.25876507E-002
0.20000000 0.20000000 2.26603540E-001
0.30000000 0.30000000 3.51690085E-001
0.40000000 0.40000000 4.40617317E-001
0.50000000 0.50000000 4.96475514E-001
0.60000000 0.60000000 5.22601015E-001
0.70000000 0.70000000 5.22506327E-001
0.80000000 0.80000000 4.99814523E-001
0.90000000 0.90000000 4.58197943E-001
1.00000000 1.00000000 4.01321180E-001
1.10000000 1.10000000 3.32788369E-001
1.20000000 1.20000000 2.56094764E-001
1.30000000 1.30000000 1.74582612E-001
1.40000000 1.40000000 9.14013249E-002
1.50000000 1.50000000 9.47193815E-003
1.60000000 1.60000000 -6.85441280E-002
1.70000000 1.70000000 -1.40272018E-001
1.80000000 1.80000000 -2.03646093E-001
1.90000000 1.90000000 -2.56928291E-001
2.00000000 2.00000000 -2.98722189E-001
2.10000000 2.10000000 -3.27982776E-001
2.20000000 2.20000000 -3.44021923E-001
2.30000000 2.30000000 -3.46509568E-001
2.40000000 2.40000000 -3.35470602E-001
2.50000000 2.50000000 -3.11277454E-001
2.60000000 2.60000000 -2.74638398E-001
2.70000000 2.70000000 -2.26581548E-001
2.80000000 2.80000000 -1.68434567E-001
2.90000000 2.90000000 -1.01800084E-001
3.00000000 3.00000000 -2.85268086E-002
3.10000000 3.10000000 4.93236432E-002
3.20000000 3.20000000 1.29514218E-001
3.30000000 3.30000000 2.09674192E-001
3.40000000 3.40000000 2.87345228E-001
3.50000000 3.50000000 3.60031731E-001
3.60000000 3.60000000 4.25255496E-001
3.70000000 3.70000000 4.80614650E-001
3.80000000 3.80000000 5.23846893E-001
3.90000000 3.90000000 5.52897023E-001
4.00000000 4.00000000 5.65988770E-001
4.10000000 4.10000000 5.61700912E-001
4.20000000 4.20000000 5.39047695E-001
4.30000000 4.30000000 4.97563536E-001
4.40000000 4.40000000 4.37392037E-001
4.50000000 4.50000000 3.59379275E-001
4.60000000 4.60000000 2.65171402E-001
4.70000000 4.70000000 1.57316531E-001
4.80000000 4.80000000 3.93709189E-002
4.90000000 4.90000000 -8.39905573E-002
5.00000000 5.00000000 -2.06859627E-001
5.10000000 5.10000000 -3.12051497E-001
5.20000000 5.20000000 -3.87913114E-001
5.30000000 5.30000000 -4.36201776E-001
5.40000000 5.40000000 -4.59090665E-001
5.50000000 5.50000000 -4.59085963E-001
5.60000000 5.60000000 -4.38948699E-001
5.70000000 5.70000000 -4.01621335E-001
5.80000000 5.80000000 -3.50159085E-001
5.90000000 5.90000000 -2.87665976E-001
6.00000000 6.00000000 -2.17235635E-001
6.10000000 6.10000000 -1.41896824E-001
6.20000000 6.20000000 -6.45636981E-002
6.30000000 6.30000000 1.20091906E-002
6.40000000 6.40000000 8.52671575E-002
6.50000000 6.50000000 1.52890914E-001
6.60000000 6.60000000 2.12827358E-001
6.70000000 6.70000000 2.63315633E-001
6.80000000 6.80000000 3.02908447E-001
6.90000000 6.90000000 3.30488655E-001
7.00000000 7.00000000 3.45281110E-001
7.10000000 7.10000000 3.46859776E-001
7.20000000 7.20000000 3.35150104E-001
7.30000000 7.30000000 3.10426672E-001
7.40000000 7.40000000 2.73306091E-001
7.50000000 7.50000000 2.24735175E-001
7.60000000 7.60000000 1.65974374E-001
7.70000000 7.70000000 9.85764686E-002
7.80000000 7.80000000 2.43605373E-002
7.90000000 7.90000000 -5.46188230E-002
8.00000000 8.00000000 -1.36107005E-001
8.10000000 8.10000000 -2.17689636E-001
8.20000000 8.20000000 -2.96837563E-001
8.30000000 8.30000000 -3.70956567E-001
8.40000000 8.40000000 -4.37441819E-001
8.50000000 8.50000000 -4.93737068E-001
8.60000000 8.60000000 -5.37398568E-001
8.70000000 8.70000000 -5.66163737E-001
8.80000000 8.80000000 -5.78024558E-001
8.90000000 8.90000000 -5.71305707E-001
9.00000000 9.00000000 -5.44747426E-001
9.10000000 9.10000000 -4.97593125E-001
9.20000000 9.20000000 -4.29681727E-001
9.30000000 9.30000000 -3.41544738E-001
9.40000000 9.40000000 -2.34508066E-001
9.50000000 9.50000000 -1.10798563E-001
9.60000000 9.60000000 2.63446847E-002
9.70000000 9.70000000 1.72554341E-001
9.80000000 9.80000000 3.22214061E-001
9.90000000 9.90000000 4.68333002E-001
10.00000000 10.00000000 6.02415594E-001