0.00000000 0.00000000 3.71116746E-002
0.10000000 0.10000000 1.28722644E-001
0.20000000 0.20000000 2.07790831E-001
0.30000000 0.30000000 2.92795504E-001
0.40000000 0.40000000 3.78805880E-001
0.50000000 0.50000000 4.50752147E-001
0.60000000 0.60000000 4.93425181E-001
0.70000000 0.70000000 4.98204949E-001
0.80000000 0.80000000 4.66517601E-001
0.90000000 0.90000000 4.10021251E-001
1.00000000 1.00000000 3.47520452E-001
1.10000000 1.10000000 2.98609350E-001
1.20000000 1.20000000 2.74043538E-001
1.30000000 1.30000000 2.56986917E-001
1.40000000 1.40000000 1.96636499E-001
1.50000000 1.50000000 9.74798094E-002
1.60000000 1.60000000 -2.95004952E-002
1.70000000 1.70000000 -1.72050070E-001
1.80000000 1.80000000 -3.15053376E-001
1.90000000 1.90000000 -4.40749245E-001
2.00000000 2.00000000 -5.30751515E-001
2.10000000 2.10000000 -5.69874729E-001
2.20000000 2.20000000 -5.51764907E-001
2.30000000 2.30000000 -4.86335390E-001
2.40000000 2.40000000 -4.09007743E-001
2.50000000 2.50000000 -3.91757732E-001
2.60000000 2.60000000 -4.72663445E-001
2.70000000 2.70000000 -5.33424962E-001
2.80000000 2.80000000 -5.15151410E-001
2.90000000 2.90000000 -4.21072242E-001
3.00000000 3.00000000 -2.85470400E-001
3.10000000 3.10000000 -1.49663996E-001
3.20000000 3.20000000 -4.50364823E-002
3.30000000 3.30000000 1.68846632E-002
3.40000000 3.40000000 4.73007586E-002
3.50000000 3.50000000 7.59662303E-002
3.60000000 3.60000000 1.39964424E-001
3.70000000 3.70000000 2.65434914E-001
3.80000000 3.80000000 4.29318891E-001
3.90000000 3.90000000 5.27734217E-001
4.00000000 4.00000000 5.60414612E-001
4.10000000 4.10000000 5.43828392E-001
4.20000000 4.20000000 4.93833360E-001
4.30000000 4.30000000 4.24798192E-001
4.40000000 4.40000000 3.48493504E-001
4.50000000 4.50000000 2.72752602E-001
4.60000000 4.60000000 1.99901913E-001
4.70000000 4.70000000 1.24961098E-001
4.80000000 4.80000000 3.36128517E-002
4.90000000 4.90000000 -1.00057619E-001
5.00000000 5.00000000 -3.16053433E-001
5.10000000 5.10000000 -5.53625216E-001
5.20000000 5.20000000 -6.90060674E-001
5.30000000 5.30000000 -7.23703250E-001
5.40000000 5.40000000 -6.84456272E-001
5.50000000 5.50000000 -6.12680961E-001
5.60000000 5.60000000 -5.43649788E-001
5.70000000 5.70000000 -4.97555204E-001
5.80000000 5.80000000 -4.75073726E-001
5.90000000 5.90000000 -4.58485390E-001
6.00000000 6.00000000 -4.18348566E-001
6.10000000 6.10000000 -3.25730136E-001
6.20000000 6.20000000 -1.69991035E-001
6.30000000 6.30000000 7.89651569E-003
6.40000000 6.40000000 1.13720171E-001
6.50000000 6.50000000 1.68820167E-001
6.60000000 6.60000000 2.10082058E-001
6.70000000 6.70000000 2.65739599E-001
6.80000000 6.80000000 3.49605140E-001
6.90000000 6.90000000 4.58626259E-001
7.00000000 7.00000000 5.73768647E-001
7.10000000 7.10000000 6.64225235E-001
7.20000000 7.20000000 6.94951571E-001
7.30000000 7.30000000 6.37527439E-001
7.40000000 7.40000000 4.84344723E-001
7.50000000 7.50000000 2.66121525E-001
7.60000000 7.60000000 9.48648552E-002
7.70000000 7.70000000 -3.25555776E-003
7.80000000 7.80000000 -6.78991484E-002
7.90000000 7.90000000 -1.20896470E-001
8.00000000 8.00000000 -1.72076849E-001
8.10000000 8.10000000 -2.23908267E-001
8.20000000 8.20000000 -2.74949464E-001
8.30000000 8.30000000 -3.22114267E-001
8.40000000 8.40000000 -3.61748140E-001
8.50000000 8.50000000 -3.89516967E-001
8.60000000 8.60000000 -3.99108048E-001
8.70000000 8.70000000 -3.79743328E-001
8.80000000 8.80000000 -3.15804556E-001
8.90000000 8.90000000 -2.33600028E-001
9.00000000 9.00000000 -1.70085683E-001
9.10000000 9.10000000 -1.28705964E-001
9.20000000 9.20000000 -9.53835536E-002
9.30000000 9.30000000 -5.22050777E-002
9.40000000 9.40000000 1.30898264E-002
9.50000000 9.50000000 1.01816065E-001
9.60000000 9.60000000 2.03247273E-001
9.70000000 9.70000000 2.97716622E-001
9.80000000 9.80000000 3.63914259E-001
9.90000000 9.90000000 3.90381374E-001
10.00000000 10.00000000 3.91200892E-001