0.00000000 0.00000000 1.08980002E-005
0.10000000 0.10000000 4.41771073E-002
0.20000000 0.20000000 6.54349242E-002
0.30000000 0.30000000 1.30293274E-001
0.40000000 0.40000000 2.38640463E-001
0.50000000 0.50000000 3.59299376E-001
0.60000000 0.60000000 4.56408298E-001
0.70000000 0.70000000 5.06627373E-001
0.80000000 0.80000000 5.07170683E-001
0.90000000 0.90000000 4.74663964E-001
1.00000000 1.00000000 4.34827953E-001
1.10000000 1.10000000 4.02987354E-001
1.20000000 1.20000000 3.55405448E-001
1.30000000 1.30000000 2.09290665E-001
1.40000000 1.40000000 1.34769028E-002
1.50000000 1.50000000 -1.37035112E-001
1.60000000 1.60000000 -2.20127724E-001
1.70000000 1.70000000 -2.53226264E-001
1.80000000 1.80000000 -2.67723330E-001
1.90000000 1.90000000 -2.90843428E-001
2.00000000 2.00000000 -3.34947948E-001
2.10000000 2.10000000 -3.94280499E-001
2.20000000 2.20000000 -4.49152591E-001
2.30000000 2.30000000 -4.77569665E-001
2.40000000 2.40000000 -4.74297473E-001
2.50000000 2.50000000 -4.77368813E-001
2.60000000 2.60000000 -5.19290221E-001
2.70000000 2.70000000 -5.22204951E-001
2.80000000 2.80000000 -4.57307722E-001
2.90000000 2.90000000 -3.36337382E-001
3.00000000 3.00000000 -1.89192333E-001
3.10000000 3.10000000 -4.71329923E-002
3.20000000 3.20000000 6.84287219E-002
3.30000000 3.30000000 1.51552876E-001
3.40000000 3.40000000 2.11807975E-001
3.50000000 3.50000000 2.68720389E-001
3.60000000 3.60000000 3.40636745E-001
3.70000000 3.70000000 4.27999301E-001
3.80000000 3.80000000 4.90494219E-001
3.90000000 3.90000000 4.90145825E-001
4.00000000 4.00000000 4.56961761E-001
4.10000000 4.10000000 4.14507508E-001
4.20000000 4.20000000 3.74377173E-001
4.30000000 4.30000000 3.38248519E-001
4.40000000 4.40000000 3.00503291E-001
4.50000000 4.50000000 2.51412835E-001
4.60000000 4.60000000 1.80889025E-001
4.70000000 4.70000000 8.28004795E-002
4.80000000 4.80000000 -4.01459249E-002
4.90000000 4.90000000 -1.70958235E-001
5.00000000 5.00000000 -2.72347310E-001
5.10000000 5.10000000 -3.17817504E-001
5.20000000 5.20000000 -3.57370016E-001
5.30000000 5.30000000 -4.10081061E-001
5.40000000 5.40000000 -4.63868279E-001
5.50000000 5.50000000 -4.96679902E-001
5.60000000 5.60000000 -4.91314579E-001
5.70000000 5.70000000 -4.43871862E-001
5.80000000 5.80000000 -3.65833350E-001
5.90000000 5.90000000 -2.79774494E-001
6.00000000 6.00000000 -2.08707058E-001
6.10000000 6.10000000 -1.59052243E-001
6.20000000 6.20000000 -9.72444661E-002
6.30000000 6.30000000 6.27696396E-002
6.40000000 6.40000000 2.65473693E-001
6.50000000 6.50000000 4.08856532E-001
6.60000000 6.60000000 4.72109063E-001
6.70000000 6.70000000 4.78282237E-001
6.80000000 6.80000000 4.64879617E-001
6.90000000 6.90000000 4.63002958E-001
7.00000000 7.00000000 4.85050812E-001
7.10000000 7.10000000 5.20970150E-001
7.20000000 7.20000000 5.43061009E-001
7.30000000 7.30000000 5.19334154E-001
7.40000000 7.40000000 4.35421769E-001
7.50000000 7.50000000 3.25041158E-001
7.60000000 7.60000000 2.64637527E-001
7.70000000 7.70000000 2.18285331E-001
7.80000000 7.80000000 1.44853588E-001
7.90000000 7.90000000 3.68398366E-002
8.00000000 8.00000000 -9.37556897E-002
8.10000000 8.10000000 -2.26771114E-001
8.20000000 8.20000000 -3.42439207E-001
8.30000000 8.30000000 -4.27158918E-001
8.40000000 8.40000000 -4.76482132E-001
8.50000000 8.50000000 -4.95315668E-001
8.60000000 8.60000000 -4.95338518E-001
8.70000000 8.70000000 -4.89634311E-001
8.80000000 8.80000000 -4.82746217E-001
8.90000000 8.90000000 -4.60872807E-001
9.00000000 9.00000000 -4.18676341E-001
9.10000000 9.10000000 -3.52419120E-001
9.20000000 9.20000000 -2.60687773E-001
9.30000000 9.30000000 -1.46189464E-001
9.40000000 9.40000000 -1.63726361E-002
9.50000000 9.50000000 1.17127732E-001
9.60000000 9.60000000 2.40220332E-001
9.70000000 9.70000000 3.39263217E-001
9.80000000 9.80000000 4.05144964E-001
9.90000000 9.90000000 4.38541307E-001
10.00000000 10.00000000 4.56347252E-001