0.00000000 0.00000000 9.73187862E-003
0.10000000 0.10000000 9.38967160E-002
0.20000000 0.20000000 3.46402277E-001
0.30000000 0.30000000 5.64607822E-001
0.40000000 0.40000000 6.80458711E-001
0.50000000 0.50000000 7.04191091E-001
0.60000000 0.60000000 6.79806273E-001
0.70000000 0.70000000 6.52314805E-001
0.80000000 0.80000000 6.46750230E-001
0.90000000 0.90000000 6.58952547E-001
1.00000000 1.00000000 6.58121356E-001
1.10000000 1.10000000 6.01138696E-001
1.20000000 1.20000000 4.58661575E-001
1.30000000 1.30000000 2.64369838E-001
1.40000000 1.40000000 1.27333468E-001
1.50000000 1.50000000 3.42968564E-002
1.60000000 1.60000000 -4.29626869E-002
1.70000000 1.70000000 -1.25568981E-001
1.80000000 1.80000000 -2.24683553E-001
1.90000000 1.90000000 -3.40451565E-001
2.00000000 2.00000000 -4.62757082E-001
2.10000000 2.10000000 -5.73787692E-001
2.20000000 2.20000000 -6.52408461E-001
2.30000000 2.30000000 -6.80345242E-001
2.40000000 2.40000000 -6.50177325E-001
2.50000000 2.50000000 -5.75139434E-001
2.60000000 2.60000000 -5.01563960E-001
2.70000000 2.70000000 -4.37970091E-001
2.80000000 2.80000000 -3.70609975E-001
2.90000000 2.90000000 -2.93247431E-001
3.00000000 3.00000000 -2.04596926E-001
3.10000000 3.10000000 -1.06341387E-001
3.20000000 3.20000000 -1.72883647E-003
3.30000000 3.30000000 1.05252142E-001
3.40000000 3.40000000 2.10118106E-001
3.50000000 3.50000000 3.07557627E-001
3.60000000 3.60000000 3.90519341E-001
3.70000000 3.70000000 4.48721154E-001
3.80000000 3.80000000 4.63732932E-001
3.90000000 3.90000000 4.27842816E-001
4.00000000 4.00000000 3.80174784E-001
4.10000000 4.10000000 3.43484924E-001
4.20000000 4.20000000 3.22908597E-001
4.30000000 4.30000000 3.11321714E-001
4.40000000 4.40000000 2.94394559E-001
4.50000000 4.50000000 2.55338169E-001
4.60000000 4.60000000 1.79343264E-001
4.70000000 4.70000000 5.77117289E-002
4.80000000 4.80000000 -1.08319350E-001
4.90000000 4.90000000 -3.04061100E-001
5.00000000 5.00000000 -4.98163723E-001
5.10000000 5.10000000 -6.01153232E-001
5.20000000 5.20000000 -5.98299678E-001
5.30000000 5.30000000 -5.48431989E-001
5.40000000 5.40000000 -4.94978755E-001
5.50000000 5.50000000 -4.62166465E-001
5.60000000 5.60000000 -4.54416381E-001
5.70000000 5.70000000 -4.58940034E-001
5.80000000 5.80000000 -4.51533366E-001
5.90000000 5.90000000 -4.05569498E-001
6.00000000 6.00000000 -3.04190135E-001
6.10000000 6.10000000 -1.55695603E-001
6.20000000 6.20000000 -1.21335153E-002
6.30000000 6.30000000 2.72611136E-002
6.40000000 6.40000000 1.27412838E-002
6.50000000 6.50000000 3.67398569E-002
6.60000000 6.60000000 1.20533810E-001
6.70000000 6.70000000 2.44588544E-001
6.80000000 6.80000000 3.71559239E-001
6.90000000 6.90000000 4.63876263E-001
7.00000000 7.00000000 4.95914640E-001
7.10000000 7.10000000 4.60747571E-001
7.20000000 7.20000000 3.71484016E-001
7.30000000 7.30000000 2.57190333E-001
7.40000000 7.40000000 1.53395965E-001
7.50000000 7.50000000 8.71831982E-002
7.60000000 7.60000000 4.10948655E-002
7.70000000 7.70000000 9.29865077E-003
7.80000000 7.80000000 -6.99934243E-003
7.90000000 7.90000000 -2.52874822E-002
8.00000000 8.00000000 -6.66671439E-002
8.10000000 8.10000000 -1.45279715E-001
8.20000000 8.20000000 -2.62242071E-001
8.30000000 8.30000000 -4.04090517E-001
8.40000000 8.40000000 -5.45733205E-001
8.50000000 8.50000000 -6.57911016E-001
8.60000000 8.60000000 -7.19166912E-001
8.70000000 8.70000000 -7.32323761E-001
8.80000000 8.80000000 -7.38793908E-001
8.90000000 8.90000000 -7.26024520E-001
9.00000000 9.00000000 -6.49057888E-001
9.10000000 9.10000000 -5.09123177E-001
9.20000000 9.20000000 -3.32249132E-001
9.30000000 9.30000000 -1.50525126E-001
9.40000000 9.40000000 1.06747728E-002
9.50000000 9.50000000 1.39504757E-001
9.60000000 9.60000000 2.38497216E-001
9.70000000 9.70000000 3.19449686E-001
9.80000000 9.80000000 3.92348789E-001
9.90000000 9.90000000 4.48331181E-001
10.00000000 10.00000000 4.36681496E-001