0.00000000 0.00000000 -8.60428143E-003
0.10000000 0.10000000 6.26075308E-002
0.20000000 0.20000000 1.37051963E-001
0.30000000 0.30000000 2.10663411E-001
0.40000000 0.40000000 2.79413710E-001
0.50000000 0.50000000 3.39507388E-001
0.60000000 0.60000000 3.87550148E-001
0.70000000 0.70000000 4.20690567E-001
0.80000000 0.80000000 4.36735017E-001
0.90000000 0.90000000 4.34235806E-001
1.00000000 1.00000000 4.12552545E-001
1.10000000 1.10000000 3.71886730E-001
1.20000000 1.20000000 3.13289551E-001
1.30000000 1.30000000 2.38642915E-001
1.40000000 1.40000000 1.50613701E-001
1.50000000 1.50000000 5.25812251E-002
1.60000000 1.60000000 -5.14620670E-002
1.70000000 1.70000000 -1.57036686E-001
1.80000000 1.80000000 -2.59328968E-001
1.90000000 1.90000000 -3.53370716E-001
2.00000000 2.00000000 -4.34245625E-001
2.10000000 2.10000000 -4.97322488E-001
2.20000000 2.20000000 -5.38515171E-001
2.30000000 2.30000000 -5.54569377E-001
2.40000000 2.40000000 -5.43376184E-001
2.50000000 2.50000000 -5.04312361E-001
2.60000000 2.60000000 -4.44294278E-001
2.70000000 2.70000000 -3.71602240E-001
2.80000000 2.80000000 -2.89145067E-001
2.90000000 2.90000000 -1.99963658E-001
3.00000000 3.00000000 -1.07145003E-001
3.10000000 3.10000000 -1.37434347E-002
3.20000000 3.20000000 7.72908436E-002
3.30000000 3.30000000 1.63175983E-001
3.40000000 3.40000000 2.41355450E-001
3.50000000 3.50000000 3.09547730E-001
3.60000000 3.60000000 3.65788770E-001
3.70000000 3.70000000 4.08467165E-001
3.80000000 3.80000000 4.36352086E-001
3.90000000 3.90000000 4.48613945E-001
4.00000000 4.00000000 4.44837802E-001
4.10000000 4.10000000 4.25029521E-001
4.20000000 4.20000000 3.89614653E-001
4.30000000 4.30000000 3.39430073E-001
4.40000000 4.40000000 2.75708353E-001
4.50000000 4.50000000 2.00054873E-001
4.60000000 4.60000000 1.14417675E-001
4.70000000 4.70000000 2.10500665E-002
4.80000000 4.80000000 -7.75340505E-002
4.90000000 4.90000000 -1.78612096E-001
5.00000000 5.00000000 -2.79311996E-001
5.10000000 5.10000000 -3.70773284E-001
5.20000000 5.20000000 -4.44147585E-001
5.30000000 5.30000000 -4.97280079E-001
5.40000000 5.40000000 -5.28975402E-001
5.50000000 5.50000000 -5.38910204E-001
5.60000000 5.60000000 -5.27545789E-001
5.70000000 5.70000000 -4.96040836E-001
5.80000000 5.80000000 -4.46164212E-001
5.90000000 5.90000000 -3.80207864E-001
6.00000000 6.00000000 -3.00899797E-001
6.10000000 6.10000000 -2.11317139E-001
6.20000000 6.20000000 -1.14799288E-001
6.30000000 6.30000000 -1.48611430E-002
6.40000000 6.40000000 8.48935750E-002
6.50000000 6.50000000 1.80858925E-001
6.60000000 6.60000000 2.69513256E-001
6.70000000 6.70000000 3.47505638E-001
6.80000000 6.80000000 4.11742205E-001
6.90000000 6.90000000 4.59472414E-001
7.00000000 7.00000000 4.88375220E-001
7.10000000 7.10000000 4.96645165E-001
7.20000000 7.20000000 4.83078385E-001
7.30000000 7.30000000 4.47158528E-001
7.40000000 7.40000000 3.89142592E-001
7.50000000 7.50000000 3.10146676E-001
7.60000000 7.60000000 2.17029602E-001
7.70000000 7.70000000 1.18077277E-001
7.80000000 7.80000000 1.71114405E-002
7.90000000 7.90000000 -8.22741160E-002
8.00000000 8.00000000 -1.76773573E-001
8.10000000 8.10000000 -2.63420654E-001
8.20000000 8.20000000 -3.39631738E-001
8.30000000 8.30000000 -4.03240524E-001
8.40000000 8.40000000 -4.52524237E-001
8.50000000 8.50000000 -4.86221378E-001
8.60000000 8.60000000 -5.03541028E-001
8.70000000 8.70000000 -5.04163684E-001
8.80000000 8.80000000 -4.88233657E-001
8.90000000 8.90000000 -4.56343001E-001
9.00000000 9.00000000 -4.09506996E-001
9.10000000 9.10000000 -3.49131175E-001
9.20000000 9.20000000 -2.76969896E-001
9.30000000 9.30000000 -1.95076459E-001
9.40000000 9.40000000 -1.05744772E-001
9.50000000 9.50000000 -1.14425565E-002
9.60000000 9.60000000 8.52638938E-002
9.70000000 9.70000000 1.81793415E-001
9.80000000 9.80000000 2.75642126E-001
9.90000000 9.90000000 3.64484036E-001
10.00000000 10.00000000 4.46280108E-001